0 0.08125 0.67734375 0.03125 0.0359375
0 0.3203125 0.68125 0.0375 0.04375
0 0.35703125 0.6421875 0.0296875 0.028125
0 0.415625 0.68046875 0.0375 0.0453125
0 0.5046875 0.66953125 0.034375 0.0390625
0 0.51953125 0.64765625 0.0203125 0.0328125
0 0.61328125 0.6265625 0.0390625 0.0375
0 0.6171875 0.66484375 0.040625 0.0453125
0 0.65234375 0.63125 0.0234375 0.034375
0 0.68046875 0.6390625 0.0203125 0.034375
0 0.7546875 0.653125 0.028125 0.03125
0 0.77890625 0.6203125 0.0171875 0.025
0 0.81875 0.7015625 0.05 0.059375
0 0.8484375 0.665625 0.03125 0.040625
0 0.90625 0.75234375 0.0375 0.0328125