0 0.30859375 0.3265625 0.04140625 0.084375
0 0.359375 0.8140625 0.0515625 0.1
0 0.39375 0.3421875 0.040625 0.06484375
0 0.39765625 0.68046875 0.0421875 0.07265625
0 0.45390625 0.271875 0.04140625 0.0546875
0 0.48125 0.525 0.03515625 0.05859375
0 0.5234375 0.86171875 0.0421875 0.07734375
0 0.5265625 0.1859375 0.01953125 0.03515625
0 0.53671875 0.28671875 0.03984375 0.06328125
0 0.571875 0.73828125 0.03984375 0.0640625
0 0.6140625 0.2609375 0.0328125 0.06328125
0 0.65859375 0.6046875 0.0390625 0.065625
0 0.69765625 0.246875 0.0390625 0.0609375
0 0.74375 0.7640625 0.03984375 0.0640625
0 0.7859375 0.28046875 0.04140625 0.065625
0 0.7875 0.59140625 0.0421875 0.0671875
0 0.7921875 0.165625 0.00859375 0.0171875