0 0.0484375 0.1375 0.009375 0.01015625
0 0.06171875 0.1453125 0.0046875 0.009375
0 0.0828125 0.20234375 0.0171875 0.0234375
0 0.10859375 0.209375 0.0171875 0.03828125
0 0.15625 0.2265625 0.009375 0.0421875
0 0.175 0.2171875 0.0234375 0.03828125
0 0.1703125 0.09140625 0.0109375 0.025
0 0.20703125 0.1546875 0.009375 0.0203125
0 0.240625 0.23671875 0.028125 0.06171875
0 0.2390625 0.15859375 0.01015625 0.0203125
0 0.265625 0.2703125 0.028125 0.07109375
0 0.26328125 0.14296875 0.0078125 0.021875
0 0.29765625 0.2078125 0.0171875 0.02734375
0 0.309375 0.13671875 0.0078125 0.01484375
0 0.3265625 0.30546875 0.04375 0.084375
0 0.36953125 0.17109375 0.01015625 0.03125
0 0.371875 0.11484375 0.0109375 0.02734375
0 0.38828125 0.21171875 0.0234375 0.05
0 0.409375 0.4234375 0.0578125 0.09921875
0 0.40546875 0.1765625 0.01328125 0.01953125
0 0.41875 0.1421875 0.015625 0.03828125
0 0.44453125 0.18359375 0.01640625 0.0328125
0 0.5109375 0.1640625 0.01953125 0.034375
0 0.5234375 0.22265625 0.02421875 0.0640625
0 0.58359375 0.56171875 0.08828125 0.1734375
0 0.5546875 0.14375 0.00859375 0.021875
0 0.5859375 0.14296875 0.01328125 0.02734375
0 0.60546875 0.27421875 0.04140625 0.08984375
0 0.6546875 0.0671875 0.01640625 0.03671875
0 0.68203125 0.18046875 0.02578125 0.0515625
0 0.6984375 0.19765625 0.0328125 0.0640625
0 0.7109375 0.2828125 0.05390625 0.10390625
0 0.69375 0.13828125 0.01171875 0.021875
0 0.7140625 0.146875 0.015625 0.0234375
0 0.746875 0.1875 0.0234375 0.05
0 0.74453125 0.13359375 0.0078125 0.0109375
0 0.775 0.1546875 0.0140625 0.0234375
0 0.78203125 0.13125 0.0078125 0.01484375
0 0.8109375 0.33359375 0.0453125 0.10625
0 0.81015625 0.196875 0.02578125 0.0421875
0 0.8234375 0.153125 0.0140625 0.025
0 0.8359375 0.1390625 0.01015625 0.01953125
0 0.859375 0.16640625 0.0109375 0.0296875
0 0.87578125 0.13671875 0.01171875 0.01875
0 0.9015625 0.134375 0.0078125 0.0171875
0 0.915625 0.171875 0.0140625 0.034375
0 0.925 0.21640625 0.03046875 0.0421875