0 0.13359375 0.49609375 0.0296875 0.0640625
0 0.240625 0.44453125 0.03125 0.0515625
0 0.2625 0.38671875 0.0234375 0.040625
0 0.2640625 0.3 0.0234375 0.04140625
0 0.315625 0.22265625 0.02734375 0.046875
0 0.33125 0.4078125 0.03671875 0.06015625
0 0.3375 0.2953125 0.021875 0.05078125
0 0.39453125 0.196875 0.03125 0.05546875
0 0.4171875 0.32890625 0.02109375 0.05546875
0 0.42265625 0.46640625 0.03046875 0.0765625
0 0.440625 0.27734375 0.028125 0.04375
0 0.46484375 0.51484375 0.03359375 0.0640625
0 0.53046875 0.26875 0.01796875 0.04609375
0 0.55703125 0.43828125 0.0328125 0.05546875
0 0.55625 0.3078125 0.028125 0.04765625
0 0.59921875 0.39140625 0.0265625 0.053125
0 0.60703125 0.49375 0.0359375 0.0546875
0 0.6375 0.27734375 0.028125 0.04765625
0 0.64921875 0.37265625 0.02265625 0.05078125
0 0.671875 0.4234375 0.028125 0.05625
0 0.70859375 0.29296875 0.028125 0.05
0 0.73125 0.4796875 0.034375 0.053125
0 0.73828125 0.346875 0.0265625 0.04765625
0 0.74296875 0.52734375 0.03046875 0.0671875
0 0.75625 0.409375 0.034375 0.06171875
0 0.8453125 0.50078125 0.03828125 0.0515625