0 0.0515625 0.4734375 0.04609375 0.0359375
0 0.11875 0.4203125 0.03046875 0.046875
0 0.38828125 0.23671875 0.0078125 0.01328125
0 0.409375 0.24375 0.01328125 0.0140625
0 0.5828125 0.2359375 0.0140625 0.01484375
0 0.60703125 0.23671875 0.01171875 0.01328125
0 0.946875 0.24765625 0.015625 0.015625
0 0.9484375 0.24453125 0.0109375 0.0140625
2 0.12421875 0.546875 0.03359375 0.03046875
2 0.596875 0.26484375 0.0265625 0.01640625
2 0.659375 0.575 0.03046875 0.03515625
2 0.9375 0.2828125 0.021875 0.02578125