1 0.16640625 0.91953125 0.0453125 0.03046875
1 0.24921875 0.915625 0.034375 0.028125
1 0.2546875 0.8359375 0.0453125 0.02734375
1 0.34609375 0.8296875 0.0453125 0.0328125
1 0.3515625 0.91796875 0.0453125 0.0328125
1 0.50234375 0.85078125 0.0640625 0.046875
1 0.63125 0.82734375 0.04140625 0.03359375
1 0.634375 0.92109375 0.03671875 0.0265625
1 0.73046875 0.91875 0.04140625 0.0296875
1 0.73671875 0.83203125 0.03828125 0.03515625
1 0.825 0.9125 0.0453125 0.0265625
1 0.82421875 0.83125 0.03671875 0.0296875
1 0.91328125 0.82890625 0.034375 0.028125
1 0.9171875 0.9171875 0.02734375 0.02109375