1 0.0921875 0.33671875 0.05625 0.09296875
1 0.20078125 0.334375 0.05390625 0.08828125
1 0.21484375 0.19921875 0.04765625 0.08828125
1 0.33046875 0.2390625 0.0484375 0.08203125
1 0.36171875 0.30859375 0.05625 0.11328125
1 0.4328125 0.20234375 0.04609375 0.078125
1 0.509375 0.3828125 0.0515625 0.08515625
1 0.5171875 0.18984375 0.0203125 0.03359375
1 0.55234375 0.20703125 0.0421875 0.08359375
1 0.59921875 0.1890625 0.01875 0.03203125
1 0.6375 0.3546875 0.05 0.08984375
1 0.675 0.24609375 0.0421875 0.08203125
1 0.7828125 0.3703125 0.0546875 0.096875
1 0.80234375 0.228125 0.05234375 0.08671875
1 0.88359375 0.36171875 0.0546875 0.09296875