0 0.19453125 0.2421875 0.0390625 0.01875
0 0.253125 0.2421875 0.0359375 0.0296875
0 0.5109375 0.13515625 0.01640625 0.0203125
0 0.54921875 0.13984375 0.02109375 0.02578125
0 0.6484375 0.40546875 0.0375 0.03203125
0 0.7078125 0.41953125 0.03359375 0.0296875
2 0.22265625 0.34453125 0.0421875 0.028125
2 0.5265625 0.19609375 0.03515625 0.02578125
2 0.62421875 0.18359375 0.0234375 0.00546875
2 0.665625 0.5140625 0.05390625 0.03515625
2 0.7734375 0.221875 0.02109375 0.01875
2 0.9046875 0.265625 0.01640625 0.00546875