1 0.04609375 0.44765625 0.0296875 0.08046875
1 0.065625 0.45078125 0.0125 0.0546875
1 0.11328125 0.5875 0.078125 0.13671875
1 0.253125 0.56796875 0.0234375 0.06796875
1 0.38671875 0.49453125 0.05234375 0.09921875
1 0.465625 0.490625 0.0296875 0.046875
1 0.478125 0.840625 0.04375 0.2984375
1 0.56328125 0.3953125 0.034375 0.07421875
1 0.5984375 0.3984375 0.0296875 0.08046875
1 0.61953125 0.396875 0.0265625 0.06484375
1 0.69765625 0.55703125 0.0359375 0.09375
1 0.7953125 0.4484375 0.03828125 0.0796875
1 0.8421875 0.43046875 0.03046875 0.053125
1 0.91953125 0.38828125 0.034375 0.0625
1 0.959375 0.39453125 0.0359375 0.0703125