1 0.096875 0.19609375 0.01640625 0.034375
1 0.146875 0.40625 0.021875 0.0390625
1 0.2375 0.38125 0.00625 0.0171875
1 0.3078125 0.15703125 0.0109375 0.02265625
1 0.334375 0.42265625 0.0375 0.06484375
1 0.42421875 0.41015625 0.03359375 0.065625
1 0.4453125 0.209375 0.0296875 0.03671875
1 0.453125 0.365625 0.0296875 0.0515625
1 0.53125 0.328125 0.021875 0.034375
1 0.6125 0.4484375 0.0265625 0.0453125
1 0.7203125 0.15703125 0.03359375 0.0546875
1 0.78671875 0.36953125 0.02421875 0.0484375
1 0.79140625 0.4453125 0.03359375 0.065625
1 0.91875 0.321875 0.0171875 0.02109375
1 0.9921875 0.753125 0.01484375 0.08828125