1 0.08515625 0.27265625 0.0453125 0.0578125
1 0.403125 0.809375 0.38125 0.378125
1 0.403125 0.21328125 0.028125 0.0515625
1 0.4421875 0.29921875 0.096875 0.1265625
1 0.5234375 0.1890625 0.028125 0.0375
1 0.60703125 0.25 0.0515625 0.06875
1 0.62265625 0.15703125 0.0234375 0.0421875
1 0.68046875 0.140625 0.0140625 0.034375
1 0.78125 0.2375 0.065625 0.1
1 0.82578125 0.303125 0.0765625 0.109375
0 0.303125 0.83671875 0.109375 0.0515625
0 0.40390625 0.51875 0.0390625 0.03125
0 0.4046875 0.28828125 0.021875 0.0265625
0 0.44140625 0.29375 0.0234375 0.025
0 0.48515625 0.83515625 0.0921875 0.0484375
0 0.4734375 0.51953125 0.046875 0.0296875
0 0.81640625 0.2953125 0.0265625 0.015625
0 0.8546875 0.2921875 0.028125 0.021875
2 0.071875 0.28984375 0.009375 0.0078125
2 0.40546875 0.23359375 0.0171875 0.0140625
2 0.428125 0.34453125 0.034375 0.0109375
2 0.6046875 0.27109375 0.025 0.0078125
2 0.83125 0.33359375 0.025 0.0171875