1 0.03046875 0.19609375 0.01640625 0.04140625
1 0.17265625 0.2140625 0.01484375 0.03203125
1 0.20390625 0.22890625 0.0171875 0.04296875
1 0.31484375 0.31796875 0.0671875 0.09765625
1 0.3546875 0.1109375 0.01875 0.03046875
1 0.3703125 0.35390625 0.04765625 0.09453125
1 0.3734375 0.19296875 0.0140625 0.04296875
1 0.41875 0.38515625 0.0375 0.06953125
1 0.4171875 0.15 0.0109375 0.028125
1 0.43984375 0.153125 0.01015625 0.03203125
1 0.4671875 0.50859375 0.0546875 0.12421875
1 0.45546875 0.165625 0.01640625 0.03046875
1 0.4859375 0.12890625 0.0140625 0.03984375
1 0.5375 0.1453125 0.0171875 0.0375
1 0.6078125 0.16640625 0.0265625 0.08125
1 0.64375 0.12421875 0.02734375 0.06796875
1 0.81171875 0.14296875 0.04609375 0.09453125
1 0.91171875 0.21875 0.06875 0.1359375