0 0.009375 0.14375 0.01875 0.03203125
0 0.028125 0.36953125 0.0484375 0.05
0 0.06796875 0.1328125 0.04765625 0.05
0 0.21875 0.40625 0.04609375 0.04609375
0 0.23203125 0.12734375 0.04140625 0.04609375
0 0.2984375 0.41640625 0.04765625 0.04296875
0 0.29921875 0.13203125 0.0390625 0.04453125
0 0.415625 0.146875 0.028125 0.0296875
0 0.47578125 0.4234375 0.05234375 0.04453125
0 0.4734375 0.140625 0.0375 0.03828125
0 0.559375 0.4390625 0.05703125 0.03828125
0 0.70390625 0.45390625 0.0453125 0.04921875
0 0.7890625 0.4515625 0.0390625 0.04453125
0 0.92265625 0.12265625 0.0390625 0.0328125
0 0.99609375 0.1046875 0.00703125 0.0265625