1 0.02578125 0.74453125 0.0515625 0.09140625
1 0.5 0.53515625 0.99921875 0.52265625
1 0.07890625 0.50234375 0.0453125 0.08203125
1 0.1375 0.40859375 0.06015625 0.128125
1 0.1671875 0.65 0.05625 0.09375
1 0.2671875 0.64765625 0.0515625 0.09765625
1 0.34921875 0.57109375 0.0703125 0.17421875
1 0.4171875 0.36796875 0.04375 0.075
1 0.43125 0.58984375 0.06328125 0.13984375
1 0.5 0.4859375 0.0453125 0.165625
1 0.53359375 0.45234375 0.0390625 0.109375
1 0.5984375 0.425 0.08203125 0.134375
1 0.6734375 0.67734375 0.0546875 0.10390625
1 0.734375 0.6515625 0.04453125 0.08984375
1 0.753125 0.3859375 0.0640625 0.1625
1 0.7796875 0.6046875 0.03984375 0.09609375
1 0.88515625 0.58984375 0.071875 0.12578125
1 0.88828125 0.42265625 0.046875 0.084375
1 0.93828125 0.48046875 0.03203125 0.04609375