1 0.24765625 0.63828125 0.0984375 0.1375
1 0.3515625 0.3359375 0.0484375 0.0890625
1 0.4234375 0.35390625 0.02890625 0.053125
1 0.45 0.31640625 0.0234375 0.05
1 0.44921875 0.31484375 0.01328125 0.03515625
1 0.459375 0.228125 0.02578125 0.02734375
1 0.459375 0.22265625 0.015625 0.02265625
1 0.46640625 0.2921875 0.021875 0.0328125
1 0.46875 0.2828125 0.0234375 0.02421875
1 0.6015625 0.3390625 0.0421875 0.0328125
1 0.6078125 0.24296875 0.021875 0.03515625
1 0.68671875 0.40390625 0.0140625 0.065625
1 0.721875 0.478125 0.06328125 0.09140625
1 0.8765625 0.6046875 0.07890625 0.15859375