0 0.0265625 0.4078125 0.00625 0.009375
0 0.03046875 0.55234375 0.00859375 0.01171875
0 0.0390625 0.40703125 0.00625 0.0078125
0 0.046875 0.7390625 0.01796875 0.0234375
0 0.0890625 0.4171875 0.00625 0.009375
0 0.11953125 0.5109375 0.0078125 0.009375
0 0.1953125 0.41875 0.00625 0.00859375
0 0.20546875 0.41328125 0.00390625 0.009375
0 0.2234375 0.371875 0.0078125 0.00859375
0 0.2390625 0.66484375 0.01484375 0.01875
0 0.26015625 0.43828125 0.01015625 0.01484375
0 0.26640625 0.38984375 0.00546875 0.009375
0 0.2703125 0.434375 0.0046875 0.0078125
0 0.27734375 0.38515625 0.00390625 0.0078125
0 0.309375 0.384375 0.00625 0.00546875
0 0.31875 0.38125 0.00390625 0.00390625
0 0.3328125 0.353125 0.0046875 0.009375
0 0.3390625 0.5484375 0.00859375 0.0171875
0 0.34296875 0.35234375 0.0046875 0.0078125
0 0.3890625 0.396875 0.0046875 0.0078125
0 0.5625 0.38515625 0.0046875 0.0078125
0 0.571875 0.38359375 0.0046875 0.0078125
0 0.68671875 0.54140625 0.0078125 0.01796875
0 0.7140625 0.39296875 0.0078125 0.0078125
0 0.85234375 0.84765625 0.015625 0.01484375