1 0.1875 0.3890625 0.0203125 0.04296875
1 0.225 0.3921875 0.01796875 0.02265625
1 0.26171875 0.415625 0.01953125 0.0375
1 0.35 0.39140625 0.0296875 0.0375
1 0.3796875 0.50234375 0.01953125 0.02578125
1 0.39375 0.40546875 0.0203125 0.02421875
1 0.4828125 0.40078125 0.021875 0.03984375
1 0.4859375 0.53984375 0.02578125 0.0453125
1 0.51484375 0.44140625 0.01640625 0.0171875
1 0.534375 0.4125 0.01015625 0.015625
1 0.6015625 0.3984375 0.02421875 0.03125
1 0.62109375 0.38671875 0.00625 0.02109375
1 0.790625 0.4140625 0.0140625 0.02265625