1 0.1625 0.38984375 0.03515625 0.05859375
1 0.19765625 0.33984375 0.03515625 0.0515625
1 0.21171875 0.65 0.03359375 0.0390625
1 0.2859375 0.53359375 0.0296875 0.0296875
1 0.353125 0.36953125 0.03515625 0.05078125
1 0.3671875 0.6234375 0.0234375 0.0515625
1 0.42734375 0.38046875 0.03359375 0.0359375
1 0.43046875 0.66328125 0.02578125 0.03125
1 0.49375 0.3765625 0.0265625 0.04296875
1 0.51796875 0.6734375 0.0328125 0.0375
1 0.54296875 0.38203125 0.0359375 0.04609375
1 0.63515625 0.62578125 0.0328125 0.05546875
1 0.63515625 0.36640625 0.0296875 0.053125
1 0.6875 0.38125 0.0265625 0.04921875
1 0.7421875 0.65 0.0359375 0.05390625
1 0.76171875 0.35625 0.03125 0.06015625
1 0.81484375 0.6390625 0.040625 0.06171875
1 0.8265625 0.40078125 0.0375 0.05