1 0.0296875 0.615625 0.02109375 0.053125
1 0.375 0.49296875 0.0453125 0.0984375
1 0.509375 0.25390625 0.01171875 0.01953125
1 0.5359375 0.4359375 0.0453125 0.0765625
1 0.57421875 0.29140625 0.01640625 0.03671875
1 0.6484375 0.878125 0.10625 0.140625
1 0.63515625 0.40546875 0.0328125 0.06484375
1 0.66875 0.2140625 0.0140625 0.025
1 0.73671875 0.3953125 0.0328125 0.0671875
1 0.7921875 0.63671875 0.0578125 0.1078125
1 0.85703125 0.41484375 0.028125 0.0609375
1 0.90546875 0.51796875 0.0390625 0.0734375