0 0.10078125 0.2203125 0.01015625 0.00859375
0 0.11484375 0.6875 0.0234375 0.0171875
0 0.1234375 0.22890625 0.01015625 0.0046875
0 0.175 0.340625 0.015625 0.01015625
0 0.2 0.3390625 0.00859375 0.00625
0 0.278125 0.7296875 0.0265625 0.0140625
0 0.32578125 0.73515625 0.0234375 0.01015625
0 0.440625 0.40234375 0.01015625 0.00703125
0 0.465625 0.40703125 0.015625 0.00703125
0 0.50390625 0.740625 0.025 0.01171875
0 0.559375 0.73671875 0.02265625 0.0203125
0 0.67890625 0.73125 0.025 0.0171875
0 0.71640625 0.7171875 0.028125 0.015625
0 0.7390625 0.40546875 0.01796875 0.0109375
0 0.84609375 0.228125 0.01484375 0.0109375
0 0.8703125 0.23359375 0.01328125 0.00859375
0 0.91640625 0.675 0.02265625 0.01171875
2 0.11015625 0.23515625 0.01015625 0.0078125
2 0.16015625 0.7125 0.01796875 0.015625
2 0.19140625 0.35390625 0.01796875 0.0109375
2 0.303125 0.76171875 0.03125 0.015625
2 0.45078125 0.415625 0.0234375 0.01015625
2 0.52734375 0.7671875 0.03125 0.0171875
2 0.71640625 0.7484375 0.03125 0.01875
2 0.7234375 0.41875 0.0125 0.0109375
2 0.85 0.2453125 0.01484375 0.01015625
2 0.87890625 0.69921875 0.01484375 0.0140625
2 0.9484375 0.11953125 0.02265625 0.00625