0 0.02421875 0.3640625 0.03671875 0.0328125
0 0.084375 0.3515625 0.03203125 0.0265625
0 0.14140625 0.57109375 0.02578125 0.02890625
0 0.1921875 0.5703125 0.0296875 0.03125
0 0.26328125 0.521875 0.021875 0.025
0 0.278125 0.26328125 0.03203125 0.034375
0 0.353125 0.35 0.0359375 0.0296875
0 0.4265625 0.3703125 0.04375 0.03671875
0 0.490625 0.434375 0.0171875 0.01875
0 0.52890625 0.409375 0.0296875 0.03125
0 0.59140625 0.48515625 0.009375 0.0171875
0 0.66328125 0.31171875 0.03671875 0.0296875
0 0.72890625 0.475 0.03515625 0.02734375
0 0.7734375 0.47109375 0.02421875 0.03125
0 0.8328125 0.4921875 0.0421875 0.0328125
2 0.06796875 0.45625 0.0515625 0.05546875
2 0.16640625 0.6453125 0.0234375 0.03125
2 0.3046875 0.34453125 0.0171875 0.025
2 0.38125 0.4703125 0.0703125 0.04609375
2 0.7390625 0.57890625 0.03125 0.03671875
2 0.78984375 0.5859375 0.07578125 0.07265625