0 0.0734375 0.78828125 0.02578125 0.0296875
0 0.090625 0.6875 0.0171875 0.01953125
0 0.10546875 0.78359375 0.015625 0.0203125
0 0.1140625 0.68046875 0.0125 0.0171875
0 0.1296875 0.5953125 0.01015625 0.01328125
0 0.153125 0.5984375 0.01953125 0.01484375
0 0.31953125 0.61484375 0.01640625 0.01796875
0 0.33984375 0.61796875 0.0109375 0.015625
0 0.365625 0.46171875 0.01015625 0.0140625
0 0.365625 0.1125 0.009375 0.0109375
0 0.378125 0.1125 0.01015625 0.0078125
0 0.3875 0.45390625 0.01328125 0.009375
0 0.45 0.17109375 0.01015625 0.0109375
0 0.47265625 0.14140625 0.0078125 0.0078125
0 0.48515625 0.13984375 0.00625 0.0078125
0 0.55625 0.76796875 0.015625 0.0140625
0 0.55625 0.5765625 0.01171875 0.0140625
0 0.58125 0.75703125 0.01796875 0.01875
0 0.57890625 0.56875 0.01015625 0.01328125
0 0.66875 0.6 0.0125 0.0109375
0 0.69140625 0.60390625 0.01328125 0.01484375
0 0.76328125 0.44296875 0.0109375 0.0109375
0 0.7796875 0.440625 0.00859375 0.0109375
0 0.7875 0.578125 0.0109375 0.0140625
0 0.90859375 0.625 0.00859375 0.015625
0 0.9328125 0.61796875 0.0125 0.0125
2 0.4453125 0.63125 0.03125 0.02890625