0 0.0671875 0.403125 0.00625 0.009375
0 0.075 0.4515625 0.0140625 0.0109375
0 0.084375 0.4015625 0.0078125 0.009375
0 0.10078125 0.4515625 0.0140625 0.01484375
0 0.26328125 0.3734375 0.0109375 0.01953125
0 0.31875 0.32890625 0.0234375 0.021875
0 0.36015625 0.32890625 0.02265625 0.025
0 0.5265625 0.3453125 0.0109375 0.0109375
0 0.540625 0.33984375 0.0078125 0.0109375
0 0.6171875 0.340625 0.0171875 0.0203125
0 0.653125 0.33046875 0.02734375 0.0234375
0 0.74765625 0.46171875 0.021875 0.03359375
0 0.80234375 0.4578125 0.0359375 0.0265625