1 0.05 0.24609375 0.0265625 0.05
1 0.08125 0.215625 0.021875 0.059375
1 0.1453125 0.16953125 0.02109375 0.04453125
1 0.1984375 0.17265625 0.02578125 0.03125
1 0.19765625 0.1703125 0.01640625 0.02734375
1 0.24453125 0.2125 0.03125 0.0609375
1 0.26015625 0.1734375 0.0140625 0.0328125
1 0.265625 0.2171875 0.0171875 0.03671875
1 0.2765625 0.17421875 0.0140625 0.03125
1 0.40390625 0.1796875 0.01953125 0.03515625
1 0.4296875 0.1953125 0.01640625 0.03828125
1 0.525 0.16875 0.0125 0.03125
1 0.53984375 0.16640625 0.01171875 0.01875
1 0.54140625 0.20234375 0.015625 0.0328125
1 0.5671875 0.18828125 0.0203125 0.03671875
1 0.571875 0.184375 0.01953125 0.02890625
1 0.58359375 0.2234375 0.021875 0.04609375
1 0.61015625 0.19921875 0.0140625 0.0296875
1 0.65 0.17890625 0.01953125 0.04453125
1 0.68203125 0.1078125 0.00859375 0.01796875
1 0.71015625 0.09609375 0.00859375 0.02890625
1 0.71875 0.2046875 0.0171875 0.040625
1 0.8 0.48828125 0.028125 0.1234375