1 0.0265625 0.44296875 0.0359375 0.0640625
1 0.0453125 0.67578125 0.05 0.1078125
1 0.1421875 0.353125 0.0359375 0.0609375
1 0.18671875 0.38828125 0.01484375 0.0234375
1 0.259375 0.40234375 0.0328125 0.07109375
1 0.28515625 0.38515625 0.0140625 0.025
1 0.4 0.5640625 0.0265625 0.05625
1 0.43125 0.39375 0.01796875 0.053125
1 0.50078125 0.35625 0.015625 0.04765625
1 0.53984375 0.3859375 0.0171875 0.03125
1 0.59375 0.5453125 0.0296875 0.04609375
1 0.63984375 0.39921875 0.01953125 0.04609375
1 0.678125 0.7375 0.0453125 0.1
1 0.675 0.515625 0.02578125 0.0625
1 0.7015625 0.3609375 0.01015625 0.03125
1 0.71953125 0.39765625 0.015625 0.03125
1 0.76875 0.4234375 0.021875 0.0328125
1 0.775 0.525 0.0234375 0.040625
1 0.83515625 0.68671875 0.01796875 0.0671875
1 0.8453125 0.4046875 0.0109375 0.0234375
1 0.86640625 0.3796875 0.009375 0.02265625
1 0.8875 0.3796875 0.015625 0.02265625
1 0.9515625 0.53359375 0.0203125 0.0296875