0 0.0890625 0.70234375 0.01015625 0.0109375
0 0.10546875 0.68828125 0.0109375 0.0078125
0 0.2015625 0.86328125 0.01328125 0.0171875
0 0.32109375 0.490625 0.0046875 0.0078125
0 0.32890625 0.5390625 0.00546875 0.0125
0 0.35546875 0.67890625 0.01796875 0.01484375
0 0.37890625 0.47734375 0.00625 0.00546875
0 0.38515625 0.6734375 0.0171875 0.01484375
0 0.38984375 0.47265625 0.0078125 0.00390625
0 0.53671875 0.5234375 0.0140625 0.009375
0 0.55546875 0.515625 0.00859375 0.01328125
0 0.69140625 0.4859375 0.009375 0.0109375
0 0.71328125 0.49453125 0.00625 0.01328125
0 0.72890625 0.50234375 0.00859375 0.01015625
2 0.10859375 0.71484375 0.0125 0.01796875
2 0.190625 0.8984375 0.01953125 0.0140625
2 0.3171875 0.503125 0.009375 0.01328125
2 0.3265625 0.56171875 0.00859375 0.0125
2 0.371875 0.71875 0.0265625 0.01953125
2 0.3859375 0.490625 0.00859375 0.01484375
2 0.45625 0.55 0.0078125 0.0109375
2 0.5484375 0.5515625 0.0109375 0.01953125
2 0.703125 0.51953125 0.0140625 0.0140625
2 0.71640625 0.52109375 0.01015625 0.01015625