0 0.1171875 0.34609375 0.021875 0.021875
0 0.33828125 0.27734375 0.021875 0.02265625
0 0.3703125 0.27109375 0.02578125 0.0234375
0 0.5125 0.26171875 0.0140625 0.015625
0 0.534375 0.259375 0.0140625 0.021875
2 0.19453125 0.91640625 0.03984375 0.0234375
2 0.35859375 0.32265625 0.03203125 0.03046875
2 0.45859375 0.27109375 0.01171875 0.01015625
2 0.52734375 0.28984375 0.01640625 0.0109375
2 0.60625 0.73203125 0.0578125 0.03671875
2 0.759375 0.28515625 0.0109375 0.009375
2 0.91640625 0.3578125 0.0203125 0.01484375
2 0.95546875 0.34453125 0.0140625 0.01015625