1 0.24140625 0.1 0.1265625 0.19921875
1 0.3703125 0.209375 0.1140625 0.15703125
1 0.421875 0.07109375 0.13203125 0.1421875
1 0.56796875 0.2203125 0.10625 0.14765625
1 0.809375 0.11953125 0.0515625 0.11484375
1 0.90234375 0.36953125 0.05 0.11328125
1 0.946875 0.36015625 0.03671875 0.109375
1 0.96953125 0.30390625 0.04296875 0.11171875
0 0.0859375 0.09296875 0.015625 0.01015625
0 0.1046875 0.08828125 0.0125 0.0109375
0 0.234375 0.0421875 0.04140625 0.0296875
0 0.28828125 0.06328125 0.02578125 0.02734375
0 0.40234375 0.50078125 0.015625 0.05
0 0.4140625 0.49296875 0.0109375 0.04609375
0 0.8046875 0.109375 0.01328125 0.01484375
0 0.82890625 0.10703125 0.015625 0.0171875
0 0.834375 0.04140625 0.01328125 0.01328125
0 0.846875 0.0421875 0.01015625 0.0078125
0 0.88359375 0.0609375 0.01171875 0.01484375
0 0.890625 0.35859375 0.015625 0.0109375
0 0.91171875 0.3484375 0.01640625 0.0140625
0 0.934375 0.35 0.0171875 0.009375
0 0.95546875 0.2890625 0.0171875 0.01328125
0 0.9734375 0.28671875 0.01484375 0.01015625
2 0.2453125 0.12578125 0.05 0.03828125
2 0.38203125 0.25859375 0.028125 0.02890625
2 0.434375 0.075 0.034375 0.0484375
2 0.56953125 0.26484375 0.03984375 0.01953125
2 0.81328125 0.146875 0.01953125 0.02734375
2 0.90703125 0.39453125 0.01640625 0.02734375
2 0.94765625 0.3828125 0.0171875 0.01484375
2 0.96328125 0.32421875 0.01640625 0.01015625