1 0.26875 0.6015625 0.0375 0.0765625
1 0.28828125 0.52578125 0.03046875 0.05625
1 0.46875 0.4921875 0.3921875 0.253125
1 0.33125 0.571875 0.03671875 0.06640625
1 0.35078125 0.5078125 0.01953125 0.034375
1 0.37265625 0.5671875 0.02109375 0.05703125
1 0.39140625 0.415625 0.01953125 0.053125
1 0.396875 0.4890625 0.02109375 0.0421875
1 0.40859375 0.5421875 0.02421875 0.05703125
1 0.434375 0.390625 0.01796875 0.03828125
1 0.515625 0.40859375 0.0203125 0.03828125
1 0.54921875 0.53515625 0.0140625 0.0515625
1 0.56875 0.4078125 0.02421875 0.05078125
1 0.56796875 0.5328125 0.01328125 0.053125
1 0.596875 0.525 0.0234375 0.065625
1 0.60625 0.5875 0.021875 0.05625
1 0.6265625 0.56875 0.03125 0.07265625
1 0.65390625 0.4 0.0203125 0.05234375
1 0.665625 0.57734375 0.04296875 0.0828125