0 0.01484375 0.4203125 0.02890625 0.03359375
0 0.071875 0.41328125 0.0359375 0.040625
0 0.2 0.45078125 0.0390625 0.03515625
0 0.3734375 0.36171875 0.078125 0.071875
0 0.46484375 0.371875 0.05390625 0.059375
0 0.69765625 0.39140625 0.04296875 0.04296875
0 0.7421875 0.7796875 0.0375 0.01484375
0 0.7734375 0.3890625 0.0390625 0.04453125
0 0.9203125 0.490625 0.040625 0.03359375
0 0.975 0.50546875 0.0390625 0.03359375
2 0.040625 0.50078125 0.0765625 0.03515625
2 0.21875 0.52890625 0.0375 0.04609375
2 0.4109375 0.50546875 0.078125 0.078125
2 0.7375 0.49296875 0.06640625 0.0703125
2 0.9359375 0.575 0.05546875 0.03515625