1 0.25859375 0.18515625 0.09453125 0.115625
1 0.015625 0.10390625 0.03125 0.1375
1 0.090625 0.121875 0.04296875 0.13359375
1 0.3578125 0.24609375 0.0578125 0.14609375
1 0.415625 0.3703125 0.05 0.12578125
1 0.51796875 0.33828125 0.07734375 0.17578125
1 0.68203125 0.4625 0.07890625 0.1640625
2 0.09609375 0.16328125 0.0265625 0.03359375
2 0.2484375 0.21015625 0.02734375 0.021875
2 0.35234375 0.27421875 0.0234375 0.021875
2 0.415625 0.41796875 0.015625 0.01328125
2 0.51328125 0.3828125 0.03203125 0.025
2 0.67265625 0.5078125 0.03828125 0.03828125