0 0.1625 0.16484375 0.01796875 0.01953125
0 0.190625 0.1859375 0.01796875 0.01640625
0 0.259375 0.19765625 0.028125 0.01953125
0 0.296875 0.2078125 0.02109375 0.01640625
0 0.3234375 0.10859375 0.02265625 0.01171875
0 0.34609375 0.24375 0.0296875 0.01953125
0 0.35703125 0.1234375 0.01796875 0.02109375
0 0.38046875 0.240625 0.01953125 0.02109375
0 0.47734375 0.32109375 0.02578125 0.01796875
0 0.515625 0.321875 0.02421875 0.01953125
0 0.5453125 0.4078125 0.028125 0.02109375
0 0.5796875 0.40546875 0.0296875 0.01640625
0 0.678125 0.453125 0.02265625 0.02109375
0 0.7140625 0.45 0.0296875 0.02109375
0 0.765625 0.478125 0.02109375 0.02109375
0 0.8015625 0.47421875 0.02109375 0.01640625
0 0.8296875 0.571875 0.02578125 0.01953125
0 0.86796875 0.56875 0.0390625 0.02265625