1 0.071875 0.26640625 0.03359375 0.053125
1 0.16953125 0.33515625 0.0375 0.053125
1 0.171875 0.26640625 0.02578125 0.0328125
1 0.23125 0.21484375 0.0203125 0.0328125
1 0.24375 0.40546875 0.03125 0.04296875
1 0.2484375 0.3421875 0.0296875 0.0421875
1 0.26328125 0.51953125 0.0359375 0.0609375
1 0.275 0.228125 0.021875 0.03671875
1 0.31484375 0.540625 0.03359375 0.0546875
1 0.321875 0.32578125 0.0328125 0.0453125
1 0.31796875 0.2578125 0.01953125 0.02578125
1 0.34921875 0.28671875 0.0265625 0.053125
1 0.3703125 0.2453125 0.02578125 0.04140625
1 0.41328125 0.2703125 0.0265625 0.02421875
1 0.41875 0.32421875 0.0328125 0.05859375
1 0.45234375 0.23515625 0.02421875 0.0328125
1 0.465625 0.26953125 0.03046875 0.0359375
1 0.4640625 0.59453125 0.02421875 0.04140625
1 0.4875 0.33671875 0.03203125 0.046875
1 0.48828125 0.53671875 0.03203125 0.053125
1 0.515625 0.27265625 0.0296875 0.0546875
1 0.565625 0.4953125 0.0359375 0.0578125
1 0.56015625 0.2484375 0.0234375 0.0484375
1 0.5625 0.34296875 0.028125 0.0375
1 0.62890625 0.24921875 0.0265625 0.03671875
1 0.6578125 0.47265625 0.0390625 0.0609375
1 0.671875 0.5453125 0.0296875 0.0390625
1 0.66875 0.23125 0.0203125 0.02734375
1 0.6765625 0.30078125 0.0203125 0.03671875
1 0.71484375 0.26953125 0.0265625 0.0390625
1 0.721875 0.5234375 0.02421875 0.034375
1 0.74921875 0.28125 0.0296875 0.02421875
1 0.75390625 0.328125 0.03046875 0.05
1 0.765625 0.4375 0.02890625 0.03828125
1 0.79921875 0.290625 0.02578125 0.04921875
1 0.8234375 0.32578125 0.025 0.0453125
1 0.84375 0.3953125 0.0296875 0.0515625
1 0.85078125 0.28359375 0.02578125 0.046875
1 0.85625 0.46640625 0.0328125 0.0390625
1 0.903125 0.32265625 0.0296875 0.0453125