1 0.0734375 0.75859375 0.06484375 0.02578125
1 0.06640625 0.903125 0.04296875 0.02578125
1 0.06953125 0.28359375 0.03671875 0.04921875
1 0.08125 0.56875 0.03359375 0.0328125
1 0.084375 0.42890625 0.03203125 0.04453125
1 0.09140625 0.128125 0.0421875 0.0359375
1 0.24296875 0.5765625 0.03828125 0.04609375
1 0.24296875 0.7296875 0.03828125 0.04453125
1 0.2484375 0.134375 0.0484375 0.04453125
1 0.240625 0.42265625 0.03046875 0.04140625
1 0.2515625 0.27734375 0.03203125 0.034375
1 0.39921875 0.88203125 0.05546875 0.0546875
1 0.3953125 0.26328125 0.0296875 0.0203125
1 0.39609375 0.13203125 0.03203125 0.0515625
1 0.4125 0.584375 0.0296875 0.0390625
1 0.41015625 0.71875 0.0171875 0.02890625
1 0.42109375 0.43515625 0.0296875 0.0453125
1 0.571875 0.8703125 0.0359375 0.04453125
1 0.58203125 0.721875 0.03828125 0.0390625
1 0.5890625 0.57421875 0.053125 0.0515625
1 0.5890625 0.1390625 0.0359375 0.0515625
1 0.59765625 0.29375 0.0484375 0.0578125
1 0.59453125 0.4375 0.0390625 0.040625
1 0.73359375 0.92890625 0.040625 0.02578125
1 0.74609375 0.446875 0.040625 0.0390625
1 0.75 0.74375 0.04296875 0.0515625
1 0.75546875 0.584375 0.04296875 0.040625
1 0.75078125 0.28984375 0.028125 0.0359375
1 0.7546875 0.13203125 0.0234375 0.0375
1 0.89375 0.4484375 0.02109375 0.0140625
1 0.896875 0.30390625 0.01953125 0.0125
1 0.90546875 0.88046875 0.03203125 0.04453125
1 0.90546875 0.43203125 0.0234375 0.0125
1 0.9171875 0.73203125 0.046875 0.0515625
1 0.9078125 0.2796875 0.0234375 0.01171875
1 0.9078125 0.4875 0.0234375 0.0140625
1 0.925 0.575 0.028125 0.02578125