0 0.00390625 0.5015625 0.0078125 0.00859375
0 0.0125 0.4984375 0.0046875 0.00859375
0 0.33203125 0.55703125 0.009375 0.00859375
0 0.34375 0.55546875 0.00859375 0.00703125
0 0.353125 0.6171875 0.01171875 0.01171875
0 0.409375 0.54921875 0.0109375 0.0109375
0 0.47578125 0.54765625 0.00625 0.009375
0 0.4828125 0.66484375 0.01015625 0.01328125
0 0.484375 0.5453125 0.0046875 0.0078125
0 0.496875 0.81875 0.0125 0.02265625
0 0.55 0.56328125 0.009375 0.01328125
0 0.565625 0.56484375 0.0109375 0.01328125
0 0.60859375 0.54296875 0.0109375 0.00859375
0 0.721875 0.55234375 0.0140625 0.009375
0 0.74375 0.55546875 0.01328125 0.0125
0 0.809375 0.5421875 0.0078125 0.0078125
0 0.86875 0.62890625 0.01640625 0.0140625
0 0.978125 0.6859375 0.01953125 0.01953125
2 0.5015625 0.690625 0.0125 0.01953125
2 0.5609375 0.58828125 0.0203125 0.0109375
2 0.609375 0.565625 0.01171875 0.02109375
2 0.859375 0.665625 0.01171875 0.02734375
2 0.99453125 0.73203125 0.009375 0.02265625