0 0.01640625 0.225 0.0328125 0.0125
0 0.03046875 0.365625 0.03203125 0.0125
0 0.0625 0.23046875 0.02890625 0.01328125
0 0.0796875 0.375 0.0421875 0.01953125
0 0.08203125 0.31171875 0.0421875 0.01328125
0 0.13203125 0.30390625 0.034375 0.015625
0 0.1875 0.2171875 0.0265625 0.0140625
0 0.2359375 0.21484375 0.0328125 0.0140625
0 0.27265625 0.2125 0.0234375 0.00859375
0 0.3109375 0.21015625 0.034375 0.0109375
0 0.34453125 0.3015625 0.028125 0.0140625
0 0.36875 0.2390625 0.0421875 0.01328125
0 0.42890625 0.23359375 0.03671875 0.01875
0 0.46328125 0.49375 0.02265625 0.015625
0 0.51328125 0.50078125 0.02890625 0.015625
0 0.5796875 0.44609375 0.01171875 0.021875
0 0.62265625 0.421875 0.03671875 0.01953125
2 0.03203125 0.25234375 0.05546875 0.009375
2 0.03515625 0.40234375 0.05703125 0.0234375
2 0.3078125 0.23984375 0.040625 0.0125
2 0.3765625 0.3234375 0.0328125 0.00703125
2 0.4109375 0.27890625 0.04609375 0.0015625
2 0.4703125 0.5375 0.04609375 0.02734375
2 0.62265625 0.4765625 0.03671875 0.01953125