0 0.121875 0.3296875 0.0359375 0.03203125
0 0.18125 0.321875 0.0265625 0.03125
0 0.3421875 0.3046875 0.02578125 0.02578125
0 0.38203125 0.32109375 0.01796875 0.02421875
0 0.559375 0.484375 0.0109375 0.01328125
0 0.58125 0.478125 0.0171875 0.01640625
0 0.7671875 0.3546875 0.0171875 0.02421875
0 0.80546875 0.3703125 0.02421875 0.03203125
2 0.1578125 0.440625 0.04609375 0.0296875
2 0.353125 0.38828125 0.0484375 0.03671875
2 0.571875 0.5109375 0.0140625 0.01328125
2 0.7796875 0.44609375 0.0375 0.0296875