1 0.025 0.49375 0.04921875 0.16796875
1 0.025 0.29765625 0.05 0.1640625
1 0.153125 0.4078125 0.0609375 0.10625
1 0.165625 0.1296875 0.06328125 0.1
1 0.1875 0.30078125 0.05859375 0.1078125
1 0.24609375 0.59296875 0.06796875 0.115625
1 0.26015625 0.28046875 0.0671875 0.140625
1 0.30703125 0.0390625 0.0734375 0.078125
1 0.39453125 0.38125 0.0546875 0.1
1 0.496875 0.309375 0.06328125 0.13359375
1 0.578125 0.54296875 0.06328125 0.1234375
1 0.60859375 0.05234375 0.084375 0.10390625
1 0.6484375 0.3734375 0.05234375 0.09296875
1 0.72421875 0.32734375 0.0640625 0.14609375
1 0.809375 0.7125 0.06171875 0.11171875
1 0.959375 0.8171875 0.0765625 0.1046875
1 0.9625 0.26953125 0.0734375 0.16328125