1 0.1484375 0.55 0.04140625 0.06484375
1 0.2234375 0.79921875 0.07109375 0.0828125
1 0.225 0.62421875 0.03515625 0.0484375
1 0.27578125 0.2765625 0.02578125 0.0625
1 0.3265625 0.50625 0.05390625 0.08046875
1 0.36875 0.5078125 0.028125 0.053125
1 0.45 0.48359375 0.04296875 0.053125
1 0.55 0.365625 0.0390625 0.04140625
1 0.54921875 0.52265625 0.034375 0.05859375
1 0.6484375 0.52265625 0.0265625 0.0515625
1 0.67265625 0.359375 0.03359375 0.0640625
1 0.82890625 0.690625 0.0671875 0.115625
1 0.8625 0.52734375 0.04609375 0.08359375