0 0.1265625 0.4890625 0.00703125 0.009375
0 0.14296875 0.49453125 0.01015625 0.009375
0 0.2390625 0.49140625 0.015625 0.0125
0 0.26484375 0.49140625 0.015625 0.0125
0 0.3140625 0.2015625 0.0109375 0.009375
0 0.3390625 0.19921875 0.01484375 0.01328125
0 0.4796875 0.23671875 0.01953125 0.01796875
0 0.5125 0.23203125 0.01875 0.02421875
0 0.5453125 0.26640625 0.0078125 0.01328125
0 0.5890625 0.3125 0.0109375 0.01015625
0 0.6125 0.3078125 0.009375 0.009375
0 0.70625 0.31015625 0.0125 0.015625
0 0.73046875 0.30703125 0.01171875 0.01328125
0 0.73046875 0.21171875 0.009375 0.01796875