1 0.56875 0.54609375 0.0828125 0.13515625
1 0.15234375 0.2515625 0.0328125 0.06875
1 0.23125 0.1578125 0.04296875 0.065625
1 0.2859375 0.40703125 0.0421875 0.0984375
1 0.33125 0.15390625 0.0359375 0.06171875
1 0.4328125 0.45859375 0.0421875 0.075
1 0.48515625 0.2140625 0.040625 0.090625
1 0.56484375 0.20703125 0.0328125 0.0625
1 0.58671875 0.29296875 0.0328125 0.06953125
1 0.6546875 0.36796875 0.0390625 0.0765625
1 0.73125 0.3859375 0.03359375 0.06015625
1 0.803125 0.37734375 0.04140625 0.0734375
1 0.84296875 0.5453125 0.0546875 0.10234375
1 0.8984375 0.56875 0.034375 0.115625
1 0.95 0.3828125 0.05703125 0.10703125