0 0.175 0.34921875 0.01796875 0.0234375
0 0.18984375 0.32890625 0.00859375 0.01328125
0 0.34296875 0.2921875 0.0203125 0.025
0 0.378125 0.28359375 0.01796875 0.01953125
0 0.44296875 0.3984375 0.02578125 0.01796875
0 0.48671875 0.39765625 0.028125 0.0234375
0 0.57265625 0.28203125 0.0171875 0.01953125
0 0.60625 0.278125 0.0171875 0.015625
0 0.79609375 0.2921875 0.0171875 0.025
0 0.821875 0.28828125 0.02421875 0.021875
2 0.190625 0.390625 0.01640625 0.03828125
2 0.3671875 0.34296875 0.03203125 0.06015625
2 0.46484375 0.4640625 0.0390625 0.04375
2 0.59296875 0.32578125 0.034375 0.02890625
2 0.815625 0.35703125 0.0296875 0.04765625