1 0.10078125 0.36484375 0.0265625 0.0609375
1 0.128125 0.3890625 0.040625 0.06015625
1 0.165625 0.3359375 0.0484375 0.115625
1 0.33828125 0.3828125 0.028125 0.065625
1 0.3890625 0.3734375 0.03671875 0.07734375
1 0.43984375 0.36171875 0.03828125 0.07890625
1 0.49765625 0.3265625 0.0515625 0.1046875
1 0.57890625 0.3203125 0.05234375 0.1140625
1 0.71796875 0.29765625 0.08203125 0.17265625
1 0.8203125 0.3328125 0.0328125 0.065625
1 0.896875 0.34765625 0.021875 0.0546875
1 0.92109375 0.32890625 0.04453125 0.0734375