0 0.10078125 0.5421875 0.00625 0.015625
0 0.109375 0.99296875 0.01328125 0.0109375
0 0.1125 0.54765625 0.009375 0.009375
0 0.1484375 0.9875 0.01875 0.021875
0 0.25 0.26953125 0.00859375 0.0109375
0 0.26875 0.27265625 0.0078125 0.01796875
0 0.2953125 0.225 0.0140625 0.01953125
0 0.3234375 0.23203125 0.01328125 0.01953125
0 0.346875 0.215625 0.01015625 0.01796875
0 0.4734375 0.6203125 0.01015625 0.015625
0 0.48671875 0.6234375 0.0078125 0.00859375
0 0.53203125 0.60078125 0.01015625 0.01796875
0 0.5453125 0.59453125 0.009375 0.0140625
0 0.85703125 0.22421875 0.06875 0.059375
0 0.975 0.1734375 0.0484375 0.071875
2 0.9359375 0.4140625 0.10703125 0.096875