1 0.071875 0.18125 0.05859375 0.11328125
1 0.11953125 0.4140625 0.128125 0.24375
1 0.1015625 0.11640625 0.04609375 0.09375
1 0.14453125 0.1625 0.0375 0.03828125
1 0.24765625 0.11953125 0.0515625 0.1
1 0.32421875 0.12578125 0.05625 0.12109375
1 0.36796875 0.146875 0.03359375 0.05625
1 0.4140625 0.3078125 0.0640625 0.1265625
1 0.4390625 0.184375 0.03203125 0.05234375
1 0.4875 0.2140625 0.0359375 0.07890625
1 0.5328125 0.2109375 0.0546875 0.09609375
1 0.63125 0.25859375 0.1265625 0.2828125
1 0.74375 0.18671875 0.07421875 0.16875
1 0.828125 0.2015625 0.03046875 0.04765625
1 0.8765625 0.20625 0.05859375 0.1171875
1 0.978125 0.21171875 0.0359375 0.06953125