0 0.03515625 0.1203125 0.04296875 0.040625
0 0.09921875 0.1140625 0.03515625 0.0390625
0 0.12265625 0.43515625 0.040625 0.05546875
0 0.19140625 0.4453125 0.03046875 0.05390625
0 0.39453125 0.3390625 0.05625 0.08515625
0 0.48359375 0.3859375 0.0375 0.0609375
0 0.5734375 0.196875 0.03203125 0.04296875
0 0.70703125 0.278125 0.03359375 0.03671875
0 0.7671875 0.2890625 0.034375 0.03671875
0 0.82265625 0.1390625 0.03203125 0.0484375
0 0.87578125 0.15078125 0.025 0.0390625
0 0.99140625 0.27109375 0.01484375 0.04296875
2 0.07578125 0.2296875 0.05859375 0.03671875
2 0.1453125 0.54375 0.03828125 0.0390625
2 0.41484375 0.55546875 0.06953125 0.05546875
2 0.54140625 0.309375 0.05234375 0.0515625
2 0.6140625 0.40859375 0.059375 0.06484375
2 0.73828125 0.39140625 0.04375 0.0609375