1 0.02421875 0.68046875 0.01484375 0.06015625
1 0.0859375 0.38125 0.0140625 0.02890625
1 0.09453125 0.371875 0.0140625 0.02734375
1 0.16796875 0.67890625 0.03515625 0.06328125
1 0.1640625 0.48203125 0.01796875 0.0375
1 0.30546875 0.49375 0.01171875 0.02421875
1 0.3421875 0.47578125 0.015625 0.02421875
1 0.36484375 0.38046875 0.0140625 0.02421875
1 0.37578125 0.52734375 0.01015625 0.02421875
1 0.40546875 0.4046875 0.0109375 0.0140625
1 0.4296875 0.68671875 0.009375 0.04296875
1 0.45625 0.565625 0.00859375 0.02890625
1 0.4578125 0.49765625 0.009375 0.0203125
1 0.47265625 0.50859375 0.01484375 0.015625
1 0.49609375 0.55078125 0.01328125 0.0203125
1 0.50390625 0.49609375 0.01171875 0.02265625
1 0.50703125 0.54765625 0.0109375 0.03515625
1 0.52734375 0.51171875 0.0109375 0.0125
1 0.53125 0.45078125 0.00859375 0.01015625
1 0.53046875 0.43515625 0.00234375 0.0140625
1 0.540625 0.49921875 0.00703125 0.01640625
1 0.54453125 0.46640625 0.00625 0.0140625
1 0.54765625 0.43046875 0.0046875 0.0140625
1 0.55234375 0.46796875 0.0078125 0.01328125
1 0.5765625 0.5234375 0.021875 0.02578125
1 0.5828125 0.45234375 0.0078125 0.01015625
1 0.5921875 0.59765625 0.0046875 0.0234375
1 0.59609375 0.39140625 0.00703125 0.01484375
1 0.6046875 0.39609375 0.00625 0.01328125
1 0.61015625 0.43359375 0.00859375 0.0140625
1 0.61015625 0.525 0.00859375 0.0203125
1 0.625 0.61015625 0.009375 0.0421875
1 0.6609375 0.534375 0.0171875 0.02890625
1 0.6671875 0.72265625 0.00390625 0.05
1 0.67421875 0.51796875 0.01015625 0.02265625
1 0.68515625 0.825 0.015625 0.06171875
1 0.69453125 0.503125 0.00859375 0.02109375
1 0.69765625 0.53515625 0.009375 0.034375
1 0.703125 0.44765625 0.00859375 0.0203125
1 0.709375 0.60625 0.0109375 0.03046875
1 0.72265625 0.5 0.01171875 0.0234375
1 0.72421875 0.521875 0.01171875 0.02421875
1 0.725 0.61640625 0.00859375 0.03046875
1 0.7421875 0.7359375 0.03359375 0.0359375
1 0.74765625 0.44375 0.01796875 0.02734375
1 0.76015625 0.546875 0.0171875 0.03828125
1 0.778125 0.61484375 0.0234375 0.04453125
1 0.80703125 0.8375 0.04140625 0.1015625
1 0.88046875 0.4765625 0.16015625 0.06484375
1 0.8375 0.53671875 0.015625 0.02578125
1 0.84375 0.628125 0.02578125 0.03203125
1 0.85625 0.5390625 0.01171875 0.02578125
1 0.871875 0.64609375 0.0203125 0.0359375
1 0.88515625 0.5390625 0.01015625 0.02578125
1 0.8984375 0.6 0.0296875 0.05
1 0.90234375 0.51796875 0.00625 0.02578125
1 0.9359375 0.66640625 0.0328125 0.05859375
1 0.95625 0.8734375 0.0515625 0.0875
1 0.94765625 0.52890625 0.0109375 0.02421875
1 0.96875 0.62578125 0.015625 0.046875
1 0.97109375 0.50234375 0.009375 0.02578125
1 0.9921875 0.52734375 0.01484375 0.02734375
1 0.99609375 0.740625 0.00625 0.05546875
1 0.996875 0.4921875 0.0046875 0.02265625