0 0.0546875 0.45703125 0.028125 0.0140625
0 0.096875 0.45859375 0.03125 0.0265625
0 0.290625 0.39921875 0.028125 0.0234375
0 0.33515625 0.4015625 0.0328125 0.021875
0 0.5859375 0.29921875 0.01875 0.0109375
0 0.59609375 0.05234375 0.0296875 0.0234375
0 0.60546875 0.296875 0.0109375 0.009375
0 0.62578125 0.60078125 0.0203125 0.0140625
0 0.64296875 0.07265625 0.0203125 0.0203125
0 0.6515625 0.60390625 0.01875 0.0109375
0 0.6765625 0.33203125 0.0125 0.0109375
0 0.684375 0.06640625 0.028125 0.0171875
0 0.69453125 0.33828125 0.0109375 0.0078125
0 0.7 0.5546875 0.015625 0.0125
0 0.725 0.340625 0.015625 0.00625
0 0.7296875 0.07421875 0.025 0.0140625
0 0.72890625 0.55 0.0203125 0.009375
0 0.74375 0.3453125 0.009375 0.009375
0 0.7890625 0.0796875 0.021875 0.01875
0 0.79140625 0.3390625 0.0078125 0.00625
0 0.80234375 0.859375 0.0140625 0.009375
0 0.8046875 0.3390625 0.00625 0.00625
0 0.8328125 0.0515625 0.028125 0.021875
0 0.8296875 0.56953125 0.0125 0.0109375
0 0.83515625 0.8546875 0.0234375 0.0125
0 0.846875 0.328125 0.009375 0.009375
0 0.8578125 0.5609375 0.01875 0.0125
0 0.86328125 0.32578125 0.0078125 0.0078125
0 0.9125 0.16875 0.025 0.028125
0 0.91796875 0.31875 0.0078125 0.009375
0 0.928125 0.31875 0.0125 0.009375
0 0.9609375 0.128125 0.0375 0.034375
2 0.075 0.5 0.05 0.01875
2 0.3140625 0.44765625 0.053125 0.0328125
2 0.60546875 0.12265625 0.0390625 0.0484375
2 0.70078125 0.1140625 0.0421875 0.021875
2 0.84296875 0.10078125 0.0421875 0.0328125
2 0.96484375 0.215625 0.0453125 0.040625