0 0.078125 0.828125 0.01875 0.01171875
0 0.1 0.31875 0.0171875 0.0109375
0 0.1078125 0.83203125 0.0140625 0.00859375
0 0.1078125 0.578125 0.01015625 0.01015625
0 0.1265625 0.5765625 0.01015625 0.00703125
0 0.13046875 0.3171875 0.0171875 0.0125
0 0.1453125 0.12265625 0.01171875 0.0078125
0 0.36875 0.84921875 0.015625 0.0125
0 0.3734375 0.09375 0.0140625 0.00859375
0 0.396875 0.09453125 0.01328125 0.00703125
0 0.4015625 0.85 0.01875 0.0109375
0 0.45546875 0.38984375 0.02734375 0.0140625
0 0.5046875 0.390625 0.0265625 0.01796875
0 0.5890625 0.8484375 0.01171875 0.0109375
0 0.6109375 0.159375 0.01015625 0.00703125
0 0.6140625 0.85 0.01328125 0.0109375
0 0.63125 0.15859375 0.0140625 0.0046875
0 0.79375 0.80859375 0.01328125 0.01171875
0 0.828125 0.8109375 0.01953125 0.01328125
0 0.83671875 0.57265625 0.01875 0.015625
0 0.8453125 0.36875 0.00859375 0.00859375
0 0.85390625 0.0875 0.01171875 0.0109375
0 0.8734375 0.5703125 0.02421875 0.0171875
0 0.8796875 0.0890625 0.015625 0.01015625
2 0.115625 0.3484375 0.0359375 0.0140625
2 0.38203125 0.87578125 0.0359375 0.0015625
2 0.38671875 0.11328125 0.0265625 0.0203125
2 0.48515625 0.4421875 0.02578125 0.00859375
2 0.6015625 0.87421875 0.0203125 0.01171875
2 0.8125 0.8421875 0.03203125 0.01875
2 0.85625 0.6046875 0.03046875 0.02265625
2 0.86640625 0.1140625 0.03046875 0.00546875