1 0.09609375 0.50234375 0.06484375 0.11484375
1 0.13203125 0.60234375 0.04140625 0.07109375
1 0.1828125 0.16875 0.0359375 0.046875
1 0.221875 0.1734375 0.03359375 0.0640625
1 0.4171875 0.63984375 0.0984375 0.16015625
1 0.3875 0.16796875 0.0328125 0.0625
1 0.4484375 0.14140625 0.06484375 0.12109375
1 0.52578125 0.5828125 0.17890625 0.275
1 0.578125 0.1921875 0.0390625 0.0671875
1 0.63359375 0.1359375 0.06015625 0.1234375
1 0.778125 0.109375 0.05625 0.1046875
1 0.8015625 0.215625 0.0515625 0.0671875
1 0.8515625 0.553125 0.1078125 0.1953125
1 0.909375 0.6171875 0.0765625 0.1109375