1 0.1140625 0.346875 0.0421875 0.09453125
1 0.1890625 0.35859375 0.04140625 0.075
1 0.2765625 0.35234375 0.0453125 0.08828125
1 0.3578125 0.3578125 0.04609375 0.08046875
1 0.4203125 0.3359375 0.0421875 0.0984375
1 0.4953125 0.30703125 0.04140625 0.090625
1 0.53046875 0.39765625 0.04375 0.075
1 0.59453125 0.371875 0.040625 0.07890625
1 0.6390625 0.33984375 0.0390625 0.0734375
1 0.6984375 0.36328125 0.0484375 0.08046875
1 0.7625 0.3203125 0.04375 0.07890625
1 0.83671875 0.3421875 0.04375 0.08046875
1 0.8890625 0.346875 0.04140625 0.0984375