0 0.03203125 0.309375 0.0140625 0.01484375
0 0.15 0.29375 0.015625 0.01640625
0 0.17421875 0.61328125 0.0265625 0.01875
0 0.20859375 0.61015625 0.0171875 0.02109375
0 0.3078125 0.26953125 0.021875 0.01484375
0 0.328125 0.675 0.025 0.01640625
0 0.35234375 0.25859375 0.0203125 0.01640625
0 0.35625 0.67421875 0.01875 0.01484375
0 0.38515625 0.2625 0.0171875 0.01640625
0 0.425 0.73046875 0.021875 0.01484375
0 0.4546875 0.71640625 0.015625 0.0125
0 0.56640625 0.646875 0.0203125 0.01875
0 0.571875 0.28125 0.01875 0.02109375
0 0.59765625 0.646875 0.0171875 0.01875
0 0.6078125 0.26640625 0.01875 0.02109375
0 0.64375 0.28359375 0.0125 0.0125
0 0.6875 0.52421875 0.021875 0.01875
0 0.725 0.51640625 0.021875 0.01640625
0 0.7296875 0.66484375 0.025 0.01640625
0 0.75703125 0.23671875 0.0171875 0.01484375
0 0.771875 0.66328125 0.021875 0.01484375
0 0.77890625 0.23515625 0.0171875 0.0125
0 0.81875 0.53046875 0.021875 0.01875
0 0.84921875 0.53515625 0.0203125 0.0125
0 0.90625 0.25390625 0.015625 0.01640625
0 0.92421875 0.45 0.0203125 0.02109375
0 0.93515625 0.253125 0.0203125 0.01875
0 0.96171875 0.45859375 0.0203125 0.01640625
2 0.1953125 0.65546875 0.040625 0.02734375
2 0.36875 0.30625 0.040625 0.02890625
2 0.6015625 0.31953125 0.04375 0.03515625
2 0.753125 0.715625 0.046875 0.03984375