0 0.00546875 0.33359375 0.0078125 0.01328125
0 0.0796875 0.3328125 0.01015625 0.0109375
0 0.18671875 0.284375 0.01640625 0.0125
0 0.26796875 0.42421875 0.00546875 0.00546875
0 0.28046875 0.4265625 0.0078125 0.00703125
0 0.29140625 0.39140625 0.009375 0.01328125
0 0.3109375 0.390625 0.0140625 0.01015625
0 0.36328125 0.32734375 0.01171875 0.0125
0 0.3875 0.3296875 0.01328125 0.0140625
0 0.43828125 0.4625 0.0046875 0.0140625
0 0.59140625 0.31796875 0.00859375 0.0140625
0 0.7640625 0.2953125 0.0125 0.021875
0 0.9421875 0.228125 0.0171875 0.01640625