0 0.4984375 0.82734375 0.0171875 0.01953125
0 0.51796875 0.82734375 0.0140625 0.01953125
0 0.5265625 0.921875 0.01953125 0.01875
0 0.55546875 0.91015625 0.01796875 0.02109375
0 0.6640625 0.8734375 0.01484375 0.0109375
0 0.684375 0.86953125 0.015625 0.01015625
2 0.015625 0.95 0.03125 0.04296875
2 0.09453125 0.8328125 0.01953125 0.01953125
2 0.2296875 0.840625 0.0140625 0.01328125
2 0.43359375 0.909375 0.01953125 0.02265625
2 0.509375 0.84765625 0.01953125 0.015625
2 0.54453125 0.96875 0.01953125 0.0171875
2 0.68046875 0.90234375 0.0140625 0.02265625
2 0.76640625 0.865625 0.0140625 0.01640625
2 0.9234375 0.83671875 0.0265625 0.01875