1 0.03359375 0.90078125 0.0671875 0.19609375
1 0.078125 0.5796875 0.05234375 0.11640625
1 0.08671875 0.45546875 0.04765625 0.10078125
1 0.1 0.71953125 0.0609375 0.1015625
1 0.146875 0.41875 0.05234375 0.1125
1 0.2140625 0.61796875 0.0578125 0.12578125
1 0.22109375 0.31015625 0.0421875 0.09921875
1 0.22265625 0.83984375 0.0421875 0.12578125
1 0.28984375 0.6703125 0.0515625 0.08046875
1 0.29453125 0.41015625 0.0453125 0.1046875
1 0.3 0.56953125 0.0515625 0.07265625
1 0.3765625 0.29453125 0.04609375 0.10078125
1 0.38515625 0.92734375 0.06328125 0.084375
1 0.396875 0.45859375 0.05234375 0.09453125
1 0.4078125 0.6171875 0.040625 0.1234375
1 0.47421875 0.80234375 0.0953125 0.2
1 0.46484375 0.36640625 0.0453125 0.08671875
1 0.47265625 0.56484375 0.04765625 0.11796875
1 0.55078125 0.3 0.0453125 0.09453125
1 0.56015625 0.68359375 0.059375 0.1359375
1 0.5734375 0.56015625 0.05625 0.06171875
1 0.6109375 0.4015625 0.0515625 0.0828125
1 0.63359375 0.784375 0.0546875 0.08671875
1 0.63125 0.478125 0.04765625 0.109375
1 0.7359375 0.55390625 0.0546875 0.115625
1 0.74375 0.29140625 0.046875 0.10234375
1 0.790625 0.38828125 0.04609375 0.090625
1 0.7984375 0.7 0.05390625 0.13671875
1 0.83515625 0.44296875 0.05 0.1140625
1 0.8453125 0.78671875 0.06796875 0.0984375
1 0.8578125 0.88515625 0.0640625 0.078125
1 0.9140625 0.225 0.05234375 0.03515625
1 0.93828125 0.5484375 0.05625 0.11796875
1 0.97734375 0.45703125 0.04453125 0.11875