1 0.03046875 0.83046875 0.03828125 0.053125
1 0.0234375 0.5546875 0.01953125 0.0421875
1 0.053125 0.59296875 0.02421875 0.0421875
1 0.10703125 0.684375 0.01328125 0.02890625
1 0.12109375 0.63671875 0.0265625 0.03671875
1 0.221875 0.85 0.0421875 0.0921875
1 0.240625 0.653125 0.0171875 0.040625
1 0.2671875 0.57578125 0.0109375 0.04609375
1 0.334375 0.6421875 0.0234375 0.04375
1 0.3734375 0.61640625 0.0171875 0.03671875
1 0.41875 0.6828125 0.0234375 0.02890625
1 0.47578125 0.61640625 0.0171875 0.034375
1 0.51328125 0.65625 0.021875 0.04375
1 0.6171875 0.665625 0.021875 0.04375
1 0.7640625 0.63125 0.021875 0.040625