2 0.13671875 0.5484375 0.01171875 0.0078125
2 0.1890625 0.46171875 0.0140625 0.0015625
2 0.2625 0.5046875 0.0125 0.0078125
2 0.3140625 0.4984375 0.00859375 0.0015625
2 0.36328125 0.51796875 0.0109375 0.0125
2 0.4296875 0.49375 0.01015625 0.00390625
2 0.47734375 0.5328125 0.0140625 0.0015625
2 0.52421875 0.45625 0.0109375 0.0015625
2 0.57890625 0.55234375 0.01015625 0.00625
2 0.6203125 0.4671875 0.00859375 0.00546875
2 0.6484375 0.55625 0.0171875 0.0171875
2 0.68671875 0.47265625 0.015625 0.00546875
2 0.70546875 0.5546875 0.0140625 0.00859375