1 0.03359375 0.7546875 0.0671875 0.0625
1 0.03515625 0.40625 0.0703125 0.31484375
1 0.05546875 0.17578125 0.0328125 0.075
1 0.12109375 0.25390625 0.13046875 0.26015625
1 0.1515625 0.57421875 0.10390625 0.24453125
1 0.2296875 0.3765625 0.11796875 0.23828125
1 0.2671875 0.1921875 0.1015625 0.18515625
1 0.3890625 0.68125 0.18046875 0.21171875
1 0.3859375 0.25390625 0.12578125 0.24765625
1 0.51640625 0.06796875 0.1015625 0.1359375
1 0.5515625 0.4421875 0.1453125 0.225
1 0.5640625 0.68828125 0.1453125 0.20546875
1 0.61328125 0.05625 0.08828125 0.1125
1 0.653125 0.2375 0.075 0.20546875
1 0.76796875 0.22421875 0.13828125 0.31171875
1 0.7515625 0.43515625 0.08046875 0.13828125
1 0.9625 0.653125 0.0734375 0.2859375