0 0.31484375 0.68125 0.0078125 0.0109375
0 0.3625 0.7796875 0.01484375 0.01484375
0 0.3859375 0.778125 0.02109375 0.01875
0 0.42109375 0.2234375 0.0109375 0.0078125
0 0.4421875 0.21484375 0.01015625 0.0171875
0 0.45859375 0.64765625 0.01328125 0.0109375
0 0.47578125 0.64609375 0.0109375 0.0109375
0 0.5234375 0.675 0.021875 0.0171875
0 0.61796875 0.1859375 0.0140625 0.01328125
0 0.64296875 0.196875 0.01484375 0.0125
2 0.14140625 0.91484375 0.01015625 0.02890625
2 0.32109375 0.70390625 0.0109375 0.0015625
2 0.37265625 0.8171875 0.0265625 0.0015625
2 0.4671875 0.67578125 0.0109375 0.00390625
2 0.515625 0.72265625 0.0171875 0.01875