1 0.08515625 0.55 0.0234375 0.0453125
1 0.12734375 0.62890625 0.0640625 0.109375
1 0.2625 0.9171875 0.19921875 0.1625
1 0.25 0.5328125 0.01953125 0.0296875
1 0.296875 0.590625 0.05234375 0.084375
1 0.28125 0.5234375 0.0140625 0.03125
1 0.43515625 0.6828125 0.07734375 0.18125
1 0.49140625 0.53125 0.05234375 0.05234375
1 0.540625 0.4703125 0.0328125 0.025
1 0.65546875 0.603125 0.03046875 0.1
1 0.6875 0.38203125 0.0375 0.0609375
0 0.1125 0.6140625 0.028125 0.0296875
0 0.1421875 0.6125 0.01875 0.0171875
0 0.23515625 0.96484375 0.06171875 0.04453125
0 0.28671875 0.56875 0.01484375 0.0140625
0 0.309375 0.5765625 0.02109375 0.01796875
0 0.32578125 0.9546875 0.0515625 0.03671875
0 0.425 0.6609375 0.0125 0.021875
0 0.65 0.5921875 0.009375 0.01015625
2 0.290625 0.609375 0.0109375 0.01328125
2 0.41875 0.71953125 0.01953125 0.03515625
2 0.65 0.63203125 0.0109375 0.009375