0 0.184375 0.73203125 0.02421875 0.0203125
0 0.1890625 0.31171875 0.0171875 0.015625
0 0.21875 0.3140625 0.01640625 0.01171875
0 0.22265625 0.74453125 0.01953125 0.02265625
0 0.24296875 0.51875 0.0203125 0.015625
0 0.27421875 0.52734375 0.01953125 0.01484375
0 0.31015625 0.22890625 0.01953125 0.02421875
0 0.3421875 0.22890625 0.0203125 0.02109375
0 0.48125 0.29375 0.02265625 0.0140625
0 0.51015625 0.31328125 0.0125 0.0171875
0 0.56953125 0.56796875 0.0125 0.0140625
0 0.596875 0.58359375 0.01171875 0.0140625
0 0.63203125 0.66796875 0.009375 0.0140625
0 0.6453125 0.64296875 0.01015625 0.015625
0 0.65078125 0.55234375 0.015625 0.01015625
0 0.67421875 0.55390625 0.01328125 0.01328125
0 0.7484375 0.4328125 0.01171875 0.0125
0 0.76796875 0.425 0.0171875 0.01015625
0 0.79296875 0.56328125 0.01328125 0.0140625
0 0.8203125 0.5640625 0.0171875 0.0125
2 0.19296875 0.78671875 0.0390625 0.0171875
2 0.20390625 0.35546875 0.02890625 0.015625
2 0.2546875 0.56875 0.02890625 0.015625
2 0.328125 0.27265625 0.0265625 0.015625
2 0.48515625 0.33671875 0.0234375 0.02734375
2 0.575 0.60234375 0.021875 0.01328125
2 0.65625 0.67265625 0.01171875 0.02421875
2 0.6609375 0.58203125 0.01796875 0.0140625
2 0.76171875 0.4578125 0.0203125 0.0140625
2 0.8078125 0.60625 0.021875 0.0140625