2 0.1390625 0.41328125 0.00390625 0.0171875
2 0.1703125 0.04921875 0.0296875 0.0078125
2 0.28046875 0.840625 0.0328125 0.009375
2 0.403125 0.746875 0.01796875 0.01171875
2 0.42421875 0.3375 0.0125 0.0015625
2 0.45625 0.74453125 0.0109375 0.01171875
2 0.48984375 0.88125 0.009375 0.00390625
2 0.49921875 0.74375 0.01640625 0.0015625
2 0.64296875 0.275 0.01796875 0.0015625
2 0.68671875 0.725 0.01796875 0.01328125
2 0.796875 0.79296875 0.04375 0.03203125
2 0.8 0.3921875 0.02578125 0.02421875
2 0.9375 0.196875 0.0109375 0.02265625
2 0.97421875 0.73984375 0.021875 0.00546875