0 0.03828125 0.77890625 0.01640625 0.03828125
0 0.0875 0.53359375 0.00859375 0.01328125
0 0.2859375 0.37421875 0.00859375 0.009375
0 0.2890625 0.44375 0.01015625 0.009375
0 0.2984375 0.37109375 0.00859375 0.0109375
0 0.3421875 0.35546875 0.00859375 0.009375
0 0.353125 0.353125 0.00703125 0.01015625
0 0.42109375 0.33203125 0.0046875 0.00546875
0 0.43046875 0.32578125 0.00546875 0.0078125
0 0.4609375 0.3484375 0.00625 0.00859375
0 0.46875 0.34453125 0.0046875 0.0078125
0 0.58203125 0.41875 0.01015625 0.009375
0 0.596875 0.4171875 0.0109375 0.00859375
0 0.65859375 0.40390625 0.01015625 0.015625
0 0.6671875 0.50078125 0.00859375 0.015625
0 0.6796875 0.3921875 0.01015625 0.0109375
0 0.690625 0.51015625 0.0171875 0.009375
0 0.8125 0.425 0.01328125 0.00546875
0 0.8328125 0.4203125 0.01484375 0.0171875
0 0.9609375 0.44765625 0.01484375 0.009375
0 0.9921875 0.45390625 0.01484375 0.01484375
2 0.05546875 0.8140625 0.00859375 0.02734375
2 0.0953125 0.5546875 0.01015625 0.01796875
2 0.6875 0.540625 0.0171875 0.01484375
2 0.9796875 0.48828125 0.021875 0.01953125