1 0.19375 0.3359375 0.02421875 0.04453125
1 0.2015625 0.79296875 0.0359375 0.06015625
1 0.2015625 0.55078125 0.03046875 0.046875
1 0.20859375 0.98046875 0.0328125 0.0375
1 0.31328125 0.53046875 0.0296875 0.0546875
1 0.3140625 0.7578125 0.03046875 0.05
1 0.315625 0.33046875 0.01953125 0.0484375
1 0.32578125 0.978125 0.0234375 0.0421875
1 0.40625 0.334375 0.0234375 0.04765625
1 0.4109375 0.76015625 0.0234375 0.0546875
1 0.42421875 0.546875 0.0296875 0.0515625
1 0.428125 0.95 0.02578125 0.053125
1 0.5046875 0.33515625 0.02421875 0.05390625
1 0.509375 0.53828125 0.02578125 0.046875
1 0.51484375 0.7421875 0.021875 0.0515625
1 0.5171875 0.93671875 0.02734375 0.04296875
1 0.5921875 0.33359375 0.02421875 0.0421875
1 0.6 0.91328125 0.0234375 0.0453125
1 0.6015625 0.7328125 0.021875 0.04140625
1 0.60390625 0.5265625 0.021875 0.04296875
1 0.67734375 0.346875 0.0203125 0.03828125
1 0.6796875 0.70703125 0.0203125 0.03515625
1 0.68359375 0.53828125 0.02578125 0.034375
1 0.6859375 0.8890625 0.0234375 0.0453125
1 0.74765625 0.35078125 0.015625 0.03984375
1 0.7546875 0.7078125 0.015625 0.03984375
1 0.7578125 0.52890625 0.0171875 0.03203125
1 0.76875 0.88515625 0.021875 0.05
1 0.83125 0.53203125 0.0203125 0.03359375
1 0.8359375 0.86015625 0.015625 0.0453125