0 0.07421875 0.3578125 0.01171875 0.0140625
0 0.1109375 0.38828125 0.00859375 0.01484375
0 0.13359375 0.378125 0.0140625 0.015625
0 0.1453125 0.584375 0.03359375 0.01953125
0 0.19765625 0.58515625 0.02421875 0.0171875
0 0.20234375 0.01796875 0.0171875 0.015625
0 0.22421875 0.02734375 0.01171875 0.0140625
0 0.24765625 0.01796875 0.0109375 0.0125
0 0.2640625 0.31328125 0.0296875 0.0234375
0 0.26953125 0.02578125 0.0109375 0.0140625
0 0.2984375 0.0765625 0.01015625 0.015625
0 0.31015625 0.30859375 0.021875 0.0328125
0 0.3171875 0.071875 0.01015625 0.0140625
0 0.33359375 0.05234375 0.00625 0.00859375
0 0.34375 0.50703125 0.0234375 0.01953125
0 0.34453125 0.33984375 0.015625 0.01796875
0 0.35234375 0.04921875 0.0078125 0.0109375
0 0.3703125 0.053125 0.015625 0.0140625
0 0.37265625 0.34375 0.01328125 0.01953125
0 0.37734375 0.19609375 0.0140625 0.0140625
0 0.38203125 0.50234375 0.01796875 0.01953125
0 0.39375 0.04921875 0.01015625 0.0171875
0 0.4046875 0.2015625 0.01171875 0.0171875
0 0.40703125 0.0671875 0.01171875 0.0140625
0 0.43046875 0.071875 0.00859375 0.0140625
0 0.44140625 0.28984375 0.01796875 0.01171875
0 0.4609375 0.490625 0.028125 0.0171875
0 0.45234375 0.07109375 0.00859375 0.015625
0 0.4609375 0.1859375 0.01015625 0.01328125
0 0.4703125 0.134375 0.0140625 0.01328125
0 0.47265625 0.28828125 0.0171875 0.01796875
0 0.471875 0.08828125 0.0140625 0.01171875
0 0.4765625 0.178125 0.00859375 0.015625
0 0.48671875 0.13515625 0.01015625 0.01171875
0 0.4890625 0.1015625 0.0078125 0.0109375
0 0.490625 0.0640625 0.01015625 0.01484375
0 0.49921875 0.49453125 0.02421875 0.0234375
0 0.49375 0.2203125 0.00859375 0.0171875
0 0.503125 0.0671875 0.0109375 0.0140625
0 0.5171875 0.215625 0.0109375 0.00859375
0 0.525 0.06640625 0.01171875 0.015625
0 0.54609375 0.24765625 0.0203125 0.02109375
0 0.58671875 0.24375 0.021875 0.015625
0 0.6 0.07265625 0.01171875 0.015625
0 0.60859375 0.3046875 0.0140625 0.02109375
0 0.6125 0.17421875 0.009375 0.009375
0 0.61875 0.0796875 0.01328125 0.01171875
0 0.63671875 0.23671875 0.015625 0.021875
0 0.6375 0.30234375 0.01328125 0.01953125
0 0.659375 0.49765625 0.0296875 0.01640625
0 0.67109375 0.23203125 0.01953125 0.01484375
0 0.69375 0.02578125 0.0140625 0.01328125
0 0.7 0.21328125 0.01328125 0.01015625
0 0.71171875 0.49921875 0.02734375 0.03046875
0 0.71875 0.01796875 0.015625 0.015625
0 0.7640625 0.0328125 0.01015625 0.01015625
0 0.7703125 0.17734375 0.0109375 0.02421875
0 0.7828125 0.03203125 0.0109375 0.01171875
0 0.790625 0.26484375 0.01328125 0.02578125
0 0.7953125 0.1734375 0.0109375 0.0140625
0 0.81328125 0.72421875 0.01796875 0.02421875
0 0.81796875 0.90078125 0.01953125 0.02421875
0 0.821875 0.2765625 0.0203125 0.01953125
0 0.821875 0.5140625 0.0203125 0.02578125
0 0.8234375 0.03359375 0.0078125 0.02265625
0 0.846875 0.03046875 0.0125 0.01328125
0 0.85078125 0.71328125 0.0203125 0.02421875
0 0.86015625 0.5296875 0.02421875 0.02265625
0 0.86640625 0.9140625 0.0359375 0.0328125
0 0.86953125 0.19765625 0.01953125 0.0140625
0 0.86640625 0.046875 0.0109375 0.0125
0 0.890625 0.04765625 0.015625 0.02109375
0 0.9 0.40859375 0.0234375 0.02265625
0 0.9015625 0.203125 0.0140625 0.02109375
0 0.91953125 0.034375 0.0078125 0.01328125
0 0.94375 0.396875 0.0234375 0.02578125
0 0.94453125 0.02734375 0.01171875 0.0140625