1 0.13125 0.6578125 0.1875 0.3375
1 0.1140625 0.41171875 0.0453125 0.0875
1 0.21484375 0.39375 0.15859375 0.20234375
1 0.3515625 0.3984375 0.059375 0.11171875
1 0.4703125 0.43515625 0.121875 0.1859375
1 0.47421875 0.2765625 0.07265625 0.06171875
1 0.58125 0.384375 0.075 0.17421875
1 0.5515625 0.24453125 0.01328125 0.02265625
1 0.6375 0.31796875 0.02734375 0.065625
1 0.7328125 0.73359375 0.15859375 0.26171875
1 0.72734375 0.45703125 0.09296875 0.1328125
1 0.790625 0.33671875 0.04609375 0.07890625
1 0.85625 0.31171875 0.071875 0.11328125
1 0.928125 0.40546875 0.08125 0.115625
1 0.95625 0.765625 0.0859375 0.22890625
1 0.9515625 0.2734375 0.0328125 0.053125