1 0.184375 0.36328125 0.06796875 0.1390625
1 0.2328125 0.390625 0.02578125 0.084375
1 0.30625 0.40078125 0.015625 0.04921875
1 0.353125 0.4109375 0.0234375 0.040625
1 0.46484375 0.38984375 0.02578125 0.05390625
1 0.53203125 0.4046875 0.0625 0.11796875
1 0.603125 0.38984375 0.01484375 0.02734375
1 0.62890625 0.3921875 0.0390625 0.065625
1 0.66875 0.38984375 0.01328125 0.03125
1 0.7125 0.3703125 0.0140625 0.01875
1 0.7875 0.3078125 0.0796875 0.20234375
1 0.846875 0.396875 0.0296875 0.05234375
1 0.9328125 0.39453125 0.03203125 0.06171875