1 0.0953125 0.04375 0.0484375 0.0875
1 0.165625 0.04609375 0.03046875 0.0921875
1 0.225 0.4296875 0.075 0.171875
1 0.3 0.22890625 0.01796875 0.0265625
1 0.31015625 0.2625 0.0078125 0.040625
1 0.32421875 0.25078125 0.0171875 0.0609375
1 0.3640625 0.24375 0.01171875 0.03125
1 0.4 0.37265625 0.06328125 0.1546875
1 0.4359375 0.246875 0.009375 0.025
1 0.4921875 0.16015625 0.02734375 0.0671875
1 0.540625 0.34140625 0.06796875 0.1734375
1 0.61171875 0.278125 0.02734375 0.0625
1 0.65703125 0.25390625 0.01796875 0.0390625
1 0.659375 0.1890625 0.0140625 0.03125
1 0.68515625 0.37734375 0.065625 0.1671875
1 0.69765625 0.1828125 0.0125 0.034375
1 0.74140625 0.16953125 0.01328125 0.0359375
1 0.80234375 0.421875 0.0671875 0.15
1 0.825 0.17421875 0.01171875 0.0265625
1 0.84609375 0.2984375 0.02578125 0.059375
1 0.9921875 0.3078125 0.01328125 0.01875