0 0.2578125 0.48359375 0.0109375 0.0140625
0 0.27734375 0.4765625 0.01015625 0.00703125
0 0.3046875 0.46171875 0.0109375 0.009375
0 0.3203125 0.46015625 0.00859375 0.009375
0 0.34296875 0.4296875 0.009375 0.0125
0 0.3625 0.42265625 0.01171875 0.01171875
0 0.46171875 0.4671875 0.01171875 0.01171875
0 0.48046875 0.46875 0.0140625 0.0125
0 0.55234375 0.4671875 0.0078125 0.0046875
0 0.56953125 0.4578125 0.0078125 0.0078125
0 0.5734375 0.39140625 0.0109375 0.00859375
0 0.5890625 0.38984375 0.0109375 0.00859375
0 0.6453125 0.475 0.00859375 0.01171875
0 0.6640625 0.478125 0.0109375 0.01484375