1 0.1515625 0.20234375 0.065625 0.16015625
1 0.2921875 0.31171875 0.0765625 0.190625
1 0.353125 0.24140625 0.09296875 0.2109375
1 0.41640625 0.284375 0.07578125 0.13984375
1 0.49765625 0.3171875 0.03984375 0.10625
1 0.5671875 0.31484375 0.05 0.1265625
1 0.60625 0.346875 0.028125 0.08828125
1 0.6546875 0.31953125 0.03984375 0.0796875
1 0.68203125 0.3328125 0.0296875 0.05625
1 0.703125 0.33359375 0.0234375 0.065625
1 0.76796875 0.359375 0.01171875 0.04375
1 0.77890625 0.346875 0.01484375 0.0578125
1 0.80390625 0.37265625 0.02109375 0.040625
1 0.821875 0.34296875 0.01796875 0.0546875
1 0.846875 0.340625 0.01796875 0.05234375
2 0.3453125 0.28828125 0.0453125 0.01953125
2 0.4328125 0.32109375 0.0265625 0.034375