1 0.0515625 0.90703125 0.103125 0.1390625
1 0.02734375 0.45078125 0.02421875 0.034375
1 0.071875 0.5015625 0.0390625 0.0421875
1 0.125 0.45 0.00703125 0.01328125
1 0.1265625 0.453125 0.0078125 0.01484375
1 0.14609375 0.4921875 0.015625 0.028125
1 0.1640625 0.4625 0.0109375 0.0109375
1 0.1640625 0.46171875 0.0078125 0.0171875
1 0.25390625 0.48984375 0.02421875 0.0296875
1 0.36171875 0.50703125 0.0140625 0.015625
1 0.3734375 0.50859375 0.01015625 0.0234375
1 0.39140625 0.51171875 0.01640625 0.04375
1 0.43359375 0.496875 0.0578125 0.11328125
1 0.51328125 0.4921875 0.05 0.121875
1 0.715625 0.4171875 0.015625 0.0484375
1 0.76796875 0.3984375 0.0265625 0.04765625