1 0.05625 0.73671875 0.0484375 0.08046875
1 0.05078125 0.68984375 0.03359375 0.04453125
1 0.07421875 0.665625 0.02890625 0.053125
1 0.1515625 0.74296875 0.021875 0.0609375
1 0.284375 0.28515625 0.08359375 0.18515625
1 0.38515625 0.69453125 0.03984375 0.0640625
1 0.4125 0.640625 0.02734375 0.06484375
1 0.565625 0.209375 0.06484375 0.1421875
1 0.61953125 0.70703125 0.03125 0.0546875
1 0.7640625 0.9015625 0.05546875 0.11328125
1 0.84921875 0.49375 0.03203125 0.06796875
1 0.95625 0.82265625 0.0421875 0.12265625