1 0.02734375 0.15703125 0.01328125 0.015625
1 0.12109375 0.1421875 0.0140625 0.0421875
1 0.1375 0.17109375 0.02890625 0.04609375
1 0.21953125 0.15390625 0.015625 0.021875
1 0.3109375 0.15625 0.02734375 0.0484375
1 0.3265625 0.1734375 0.01171875 0.0203125
1 0.34375 0.1703125 0.01953125 0.034375
1 0.375 0.1625 0.02734375 0.046875
1 0.4109375 0.17109375 0.01328125 0.01171875
1 0.46875 0.1734375 0.01328125 0.034375
1 0.54453125 0.1703125 0.0109375 0.0203125
1 0.61484375 0.34375 0.10390625 0.17265625
1 0.5828125 0.16171875 0.0109375 0.02421875
1 0.6453125 0.18046875 0.0078125 0.0109375
1 0.81171875 0.12265625 0.03828125 0.0546875