1 0.01328125 0.4359375 0.0265625 0.059375
1 0.0125 0.58203125 0.0234375 0.03671875
1 0.0453125 0.51484375 0.0265625 0.0328125
1 0.16875 0.61640625 0.034375 0.0609375
1 0.30703125 0.534375 0.04296875 0.0453125
1 0.42578125 0.490625 0.021875 0.02578125
1 0.425 0.4390625 0.01328125 0.0359375
1 0.4375 0.38359375 0.015625 0.0328125
1 0.459375 0.51796875 0.0296875 0.05
1 0.525 0.45859375 0.015625 0.03046875
1 0.53984375 0.39375 0.01171875 0.0328125
1 0.70625 0.45078125 0.0140625 0.0296875
1 0.7296875 0.4546875 0.0171875 0.04140625
1 0.78828125 0.3296875 0.0203125 0.04296875