1 0.0765625 0.575 0.115625 0.16875
1 0.1734375 0.67421875 0.03046875 0.03828125
1 0.178125 0.61640625 0.0203125 0.04453125
1 0.215625 0.64921875 0.01875 0.03828125
1 0.22421875 0.69375 0.0234375 0.06328125
1 0.24921875 0.67578125 0.04609375 0.0828125
1 0.30703125 0.67265625 0.03046875 0.0546875
1 0.35234375 0.68046875 0.03046875 0.05078125
1 0.45703125 0.6265625 0.0234375 0.10390625
1 0.48203125 0.64140625 0.02890625 0.06953125
1 0.5078125 0.6640625 0.0265625 0.0421875
1 0.5921875 0.6890625 0.0140625 0.03359375
1 0.69140625 0.6375 0.05859375 0.1328125
1 0.73125 0.65 0.03359375 0.0609375
1 0.8625 0.71796875 0.03203125 0.065625
1 0.98515625 0.67265625 0.0265625 0.096875