1 0.0359375 0.815625 0.071875 0.078125
1 0.0203125 0.60625 0.03671875 0.03046875
1 0.09609375 0.609375 0.034375 0.03046875
1 0.10546875 0.69296875 0.01328125 0.0234375
1 0.15078125 0.72890625 0.03828125 0.0484375
1 0.29453125 0.621875 0.015625 0.034375
1 0.37421875 0.61796875 0.034375 0.02734375
1 0.3828125 0.7140625 0.015625 0.0390625
1 0.4203125 0.90078125 0.034375 0.06015625
1 0.4734375 0.7125 0.04140625 0.0453125
1 0.540625 0.60625 0.025 0.034375
1 0.609375 0.690625 0.03203125 0.02890625
1 0.6984375 0.69140625 0.02734375 0.034375
1 0.76484375 0.7078125 0.040625 0.021875
1 0.8203125 0.696875 0.02109375 0.034375
1 0.8703125 0.8265625 0.06171875 0.06875
1 0.9546875 0.715625 0.04296875 0.04453125