1 0.05390625 0.2328125 0.090625 0.0859375
1 0.0921875 0.30625 0.08203125 0.07890625
1 0.16640625 0.328125 0.1078125 0.1140625
1 0.23125 0.3109375 0.05390625 0.1046875
1 0.30625 0.296875 0.0640625 0.06328125
1 0.4859375 0.4078125 0.08671875 0.0765625
1 0.6234375 0.51640625 0.0796875 0.0578125
1 0.65859375 0.528125 0.0828125 0.0609375
1 0.69296875 0.56015625 0.059375 0.04609375
1 0.7234375 0.54296875 0.05234375 0.06328125
1 0.771875 0.5703125 0.05703125 0.05
1 0.85390625 0.51015625 0.0578125 0.053125