2 0.025 0.31484375 0.0078125 0.003125
2 0.0328125 0.184375 0.0078125 0.00546875
2 0.06171875 0.478125 0.009375 0.00078125
2 0.0640625 0.20234375 0.01015625 0.00546875
2 0.0796875 0.1125 0.0078125 0.003125
2 0.09296875 0.0515625 0.0078125 0.00546875
2 0.0984375 0.275 0.01015625 0.00546875
2 0.1 0.084375 0.003125 0.00546875
2 0.1765625 0.15625 0.0109375 0.00703125
2 0.2015625 0.4703125 0.01015625 0.00390625
2 0.221875 0.21484375 0.009375 0.003125
2 0.2453125 0.0578125 0.01171875 0.00546875
2 0.24921875 0.54296875 0.0125 0.00390625
2 0.26015625 0.22109375 0.00703125 0.00546875
2 0.2703125 0.18515625 0.01015625 0.00703125
2 0.3140625 0.2453125 0.01171875 0.00234375
2 0.36484375 0.1453125 0.00703125 0.003125
2 0.371875 0.234375 0.0140625 0.00703125
2 0.4640625 0.5125 0.0078125 0.00703125
2 0.4671875 0.2265625 0.0140625 0.00546875
2 0.51171875 0.14140625 0.01171875 0.00546875
2 0.53828125 0.25546875 0.01015625 0.00703125
2 0.5453125 0.07265625 0.01015625 0.00703125
2 0.5921875 0.1609375 0.01171875 0.00703125
2 0.6 0.25625 0.0046875 0.00546875
2 0.6078125 0.5125 0.00859375 0.00703125
2 0.68828125 0.26328125 0.0109375 0.00859375
2 0.70625 0.1984375 0.0125 0.00859375
2 0.70703125 0.521875 0.01015625 0.009375
2 0.771875 0.128125 0.0046875 0.00703125
2 0.7796875 0.203125 0.0109375 0.00625
2 0.8109375 0.1515625 0.0125 0.00546875
2 0.85078125 0.5828125 0.00703125 0.00234375
2 0.8703125 0.28671875 0.00546875 0.00546875
2 0.8734375 0.228125 0.00859375 0.00546875
2 0.87421875 0.16875 0.0109375 0.00546875
2 0.9359375 0.1984375 0.0078125 0.00234375
2 0.946875 0.52578125 0.009375 0.00703125
2 0.978125 0.24921875 0.01171875 0.009375