1 0.12265625 0.325 0.01953125 0.05
1 0.4203125 0.346875 0.04140625 0.0734375
1 0.53359375 0.29296875 0.03984375 0.11484375
1 0.653125 0.4515625 0.025 0.03984375
1 0.70703125 0.45390625 0.0203125 0.04453125
1 0.74765625 0.46953125 0.021875 0.04609375
1 0.76328125 0.42890625 0.01953125 0.0359375
1 0.83046875 0.45859375 0.0203125 0.05
1 0.86328125 0.434375 0.01640625 0.03984375
1 0.88046875 0.5046875 0.02265625 0.06640625
1 0.91796875 0.47578125 0.01953125 0.04609375
1 0.94375 0.45703125 0.015625 0.03828125
1 0.965625 0.51484375 0.0375 0.07734375