1 0.040625 0.134375 0.04609375 0.08359375
1 0.2328125 0.30703125 0.07421875 0.15546875
1 0.2390625 0.13046875 0.0609375 0.109375
1 0.3328125 0.36640625 0.0796875 0.146875
1 0.37578125 0.1546875 0.05234375 0.08046875
1 0.45234375 0.17578125 0.03515625 0.06796875
1 0.4921875 0.24921875 0.05859375 0.12421875
1 0.53359375 0.125 0.03671875 0.05546875
1 0.68984375 0.109375 0.03203125 0.08984375
1 0.72265625 0.21484375 0.05390625 0.09453125
1 0.7453125 0.1234375 0.05234375 0.06953125
1 0.82734375 0.1046875 0.0328125 0.05703125
1 0.97109375 0.2015625 0.05234375 0.1171875
1 0.990625 0.071875 0.0171875 0.0546875