0 0.1234375 0.5265625 0.01796875 0.015625
0 0.159375 0.5171875 0.01953125 0.01796875
0 0.221875 0.509375 0.02265625 0.01953125
0 0.25625 0.2390625 0.0171875 0.01640625
0 0.2625 0.5078125 0.02734375 0.0171875
0 0.2796875 0.23203125 0.0125 0.01484375
0 0.3140625 0.11875 0.0140625 0.0171875
0 0.40390625 0.5796875 0.0203125 0.01953125
0 0.43203125 0.553125 0.015625 0.02109375
0 0.54921875 0.290625 0.01171875 0.01640625
0 0.56328125 0.6609375 0.01171875 0.02109375
0 0.57734375 0.29453125 0.015625 0.0140625
0 0.596875 0.65625 0.01796875 0.02109375
0 0.6515625 0.18828125 0.0109375 0.01171875
0 0.7234375 0.371875 0.0171875 0.0140625
0 0.75 0.371875 0.0125 0.0140625