0 0.4765625 0.48125 0.0203125 0.0046875
0 0.51796875 0.47578125 0.02578125 0.02265625
0 0.7765625 0.44921875 0.02578125 0.0265625
0 0.8203125 0.446875 0.0234375 0.02734375
0 0.92578125 0.290625 0.025 0.03125
0 0.95625 0.296875 0.02109375 0.02890625
2 0.01484375 0.95390625 0.01875 0.025
2 0.1125 0.58671875 0.0265625 0.01953125
2 0.496875 0.53203125 0.03984375 0.025
2 0.5734375 0.353125 0.01015625 0.01953125
2 0.7359375 0.36328125 0.0078125 0.01328125
2 0.8 0.52109375 0.03515625 0.00703125
2 0.9390625 0.3421875 0.0234375 0.021875