0 0.00859375 0.51328125 0.0171875 0.0765625
0 0.04375 0.5109375 0.028125 0.059375
0 0.10625 0.47265625 0.0171875 0.0328125
0 0.12421875 0.4734375 0.01171875 0.01953125
0 0.14296875 0.4 0.0109375 0.03125
0 0.2 0.46640625 0.01953125 0.02890625
0 0.21640625 0.4671875 0.0109375 0.02265625
0 0.2375 0.4546875 0.0125 0.0203125
0 0.25546875 0.44296875 0.01328125 0.02890625
0 0.35625 0.47109375 0.01328125 0.034375
0 0.3640625 0.75078125 0.0203125 0.11328125
0 0.38203125 0.4703125 0.0109375 0.025
0 0.396875 0.46875 0.0109375 0.0328125
0 0.4171875 0.4625 0.00859375 0.02421875
0 0.4265625 0.4578125 0.0046875 0.02265625
0 0.4421875 0.44921875 0.0109375 0.025
0 0.453125 0.440625 0.00625 0.02734375
0 0.6296875 0.37109375 0.0203125 0.04609375