0 0.040625 0.4328125 0.01953125 0.040625
0 0.2359375 0.6140625 0.02421875 0.0546875
0 0.26328125 0.4421875 0.02578125 0.04375
0 0.30625 0.475 0.01796875 0.03671875
0 0.32890625 0.49453125 0.0109375 0.02421875
0 0.359375 0.525 0.01953125 0.03671875
0 0.38203125 0.5296875 0.0140625 0.04296875
0 0.4015625 0.47734375 0.0171875 0.0328125
0 0.475 0.48515625 0.0171875 0.03828125
0 0.50625 0.6109375 0.0296875 0.03828125
0 0.528125 0.49921875 0.01796875 0.034375
0 0.578125 0.56328125 0.021875 0.0328125
0 0.5765625 0.48046875 0.01484375 0.0328125
0 0.6609375 0.4703125 0.0203125 0.034375
0 0.73828125 0.4703125 0.021875 0.0421875
0 0.78359375 0.6015625 0.0296875 0.04765625
0 0.865625 0.60859375 0.03203125 0.065625
0 0.925 0.52578125 0.02578125 0.04609375
0 0.93359375 0.41484375 0.0296875 0.0296875