0 0.05078125 0.353125 0.02265625 0.0375
0 0.08046875 0.3578125 0.021875 0.05
0 0.15625 0.39765625 0.0453125 0.096875
0 0.27734375 0.3515625 0.02578125 0.0375
0 0.32265625 0.31484375 0.01796875 0.03203125
0 0.3609375 0.36015625 0.0359375 0.06484375
0 0.4171875 0.409375 0.0390625 0.06953125
0 0.4125 0.34140625 0.021875 0.03984375
0 0.43515625 0.33046875 0.03125 0.0375
0 0.47578125 0.3375 0.0296875 0.03515625
0 0.521875 0.378125 0.05078125 0.07421875
0 0.596875 0.43671875 0.0578125 0.1046875
0 0.7125 0.40078125 0.03359375 0.0640625
0 0.73203125 0.5078125 0.04609375 0.0921875