0 0.0109375 0.4171875 0.0203125 0.08203125
0 0.10625 0.36796875 0.0484375 0.08046875
0 0.15703125 0.23671875 0.0359375 0.08203125
0 0.2078125 0.81171875 0.0484375 0.0875
0 0.24609375 0.41875 0.0515625 0.07890625
0 0.27734375 0.8453125 0.0421875 0.053125
0 0.34296875 0.35078125 0.04453125 0.07421875
0 0.47421875 0.3546875 0.06875 0.1234375
0 0.47578125 0.1828125 0.05078125 0.06484375
0 0.5484375 0.41015625 0.0546875 0.05859375
0 0.5546875 0.203125 0.03671875 0.0546875
0 0.571875 0.753125 0.04921875 0.0953125
0 0.5765625 0.271875 0.0578125 0.09609375
0 0.628125 0.22578125 0.0421875 0.07578125
0 0.678125 0.8296875 0.04375 0.08359375
0 0.67265625 0.19609375 0.02578125 0.05546875
0 0.68828125 0.41015625 0.04921875 0.09296875
0 0.69609375 0.321875 0.06171875 0.0625
0 0.72265625 0.2375 0.0484375 0.08359375
0 0.803125 0.415625 0.0515625 0.08828125
0 0.87265625 0.35390625 0.05234375 0.109375