0 0.025 0.328125 0.0265625 0.0359375
0 0.0375 0.4015625 0.0234375 0.0390625
0 0.0875 0.3484375 0.028125 0.046875
0 0.1953125 0.47421875 0.0390625 0.12734375
0 0.25 0.33515625 0.01953125 0.03046875
0 0.26875 0.37578125 0.0234375 0.0375
0 0.3515625 0.36484375 0.01796875 0.03515625
0 0.40390625 0.39140625 0.03515625 0.06015625
0 0.490625 0.325 0.0203125 0.028125
0 0.57890625 0.3640625 0.01484375 0.01953125
0 0.7703125 0.521875 0.0125 0.0515625
0 0.84921875 0.50546875 0.025 0.03828125
0 0.85546875 0.6109375 0.028125 0.11953125
0 0.87890625 0.4671875 0.0265625 0.0359375