0 0.03515625 0.4109375 0.05078125 0.0484375
0 0.1 0.3046875 0.0421875 0.0375
0 0.1 0.55 0.0421875 0.0453125
0 0.11171875 0.19921875 0.04140625 0.04140625
0 0.1515625 0.4296875 0.04765625 0.04453125
0 0.2125 0.5625 0.028125 0.0390625
0 0.22578125 0.3125 0.0484375 0.0390625
0 0.2296875 0.21484375 0.03984375 0.034375
0 0.26796875 0.42890625 0.0515625 0.04296875
0 0.353125 0.31171875 0.04140625 0.04140625
0 0.40546875 0.20703125 0.04609375 0.0359375
0 0.45 0.4953125 0.08984375 0.08984375
0 0.66015625 0.19921875 0.08515625 0.06796875
0 0.7390625 0.63984375 0.06875 0.0546875
0 0.80703125 0.49140625 0.06640625 0.04453125
0 0.90234375 0.6875 0.07421875 0.0515625
0 0.91484375 0.340625 0.053125 0.04453125
0 0.97265625 0.2265625 0.053125 0.0484375