0 0.0203125 0.134375 0.02578125 0.0609375
0 0.0234375 0.19921875 0.0140625 0.05078125
0 0.10546875 0.209375 0.01171875 0.034375
0 0.11484375 0.1984375 0.01484375 0.05234375
0 0.2234375 0.23671875 0.02109375 0.04609375
0 0.259375 0.19296875 0.0109375 0.02421875
0 0.265625 0.23671875 0.015625 0.0234375
0 0.27578125 0.18515625 0.0109375 0.02421875
0 0.28515625 0.21796875 0.0109375 0.0203125
0 0.3109375 0.21328125 0.0203125 0.03828125
0 0.309375 0.26015625 0.0109375 0.0484375
0 0.328125 0.25078125 0.02421875 0.05546875
0 0.37421875 0.1625 0.01875 0.04375
0 0.41328125 0.18046875 0.0328125 0.07265625
0 0.4578125 0.18203125 0.0171875 0.04609375
0 0.50859375 0.20390625 0.0234375 0.0421875
0 0.5546875 0.31015625 0.0234375 0.046875
0 0.5546875 0.13828125 0.0140625 0.01953125
0 0.5875 0.12578125 0.01953125 0.025
0 0.615625 0.10546875 0.0078125 0.02265625
0 0.67734375 0.18203125 0.084375 0.16875
0 0.75390625 0.2359375 0.00859375 0.03359375
0 0.7765625 0.1921875 0.0171875 0.0328125
0 0.91875 0.13359375 0.05 0.11875